time	V(v1)	V(v2)	V(vo2)
0.000000000000000e+000	0.000000e+000	0.000000e+000	-1.958259e-009
4.882812557061023e-011	3.067962e-007	-3.067962e-007	-1.989987e-009
9.765625114122045e-011	6.135923e-007	-6.135923e-007	-2.180373e-009
1.869419664703364e-009	1.174591e-005	-1.174591e-005	-2.007884e-007
3.641183078265507e-009	2.287823e-005	-2.287823e-005	-4.070286e-007
5.412946491827650e-009	3.401054e-005	-3.401054e-005	-6.209010e-007
7.184709905389793e-009	4.514286e-005	-4.514286e-005	-8.424057e-007
8.956473318951937e-009	5.627518e-005	-5.627518e-005	-1.071543e-006
1.072823673251408e-008	6.740750e-005	-6.740750e-005	-1.308312e-006
1.250000014607622e-008	7.853982e-005	-7.853982e-005	-1.552713e-006
5.000000058430487e-008	3.141593e-004	-3.141593e-004	-3.239213e-005
1.000000011686097e-007	6.283185e-004	-6.283185e-004	-2.008654e-004
2.000000023372195e-007	1.256637e-003	-1.256637e-003	-1.076520e-003
4.000000046744390e-007	2.513272e-003	-2.513272e-003	-4.805625e-003
8.000000093488779e-007	5.026527e-003	-5.026527e-003	-1.746227e-002
1.600000018697756e-006	1.005293e-002	-1.005293e-002	-5.160600e-002
2.872355796218361e-006	1.804656e-002	-1.804656e-002	-1.131176e-001
7.071489489383037e-006	4.441686e-002	-4.441686e-002	-3.222210e-001
8.517260061888694e-006	5.348998e-002	-5.348998e-002	-3.928778e-001
1.016399359123142e-005	6.381886e-002	-6.381886e-002	-4.695172e-001
1.112888322441162e-005	6.986786e-002	-6.986786e-002	-5.081963e-001
1.184744444560250e-005	7.437096e-002	-7.437096e-002	-5.285686e-001
1.273442409965780e-005	7.992740e-002	-7.992740e-002	-5.423597e-001
1.372395690425389e-005	8.612334e-002	-8.612334e-002	-5.477325e-001
1.476279771914808e-005	9.262444e-002	-9.262444e-002	-5.463674e-001
1.578572699624148e-005	9.902211e-002	-9.902211e-002	-5.415215e-001
1.618349699901124e-005	1.015088e-001	-1.015088e-001	-5.411903e-001
1.635473782044242e-005	1.025791e-001	-1.025791e-001	-5.483649e-001
1.644525080382777e-005	1.031448e-001	-1.031448e-001	-5.624735e-001
1.653008958293583e-005	1.036750e-001	-1.036750e-001	-5.852295e-001
1.661411531145053e-005	1.042001e-001	-1.042001e-001	-6.114307e-001
1.671013293144602e-005	1.048001e-001	-1.048001e-001	-6.410879e-001
1.684322920031917e-005	1.056317e-001	-1.056317e-001	-6.783396e-001
1.700847685473560e-005	1.066641e-001	-1.066641e-001	-7.166983e-001
1.732993813652635e-005	1.086722e-001	-1.086722e-001	-7.736464e-001
1.771880275471001e-005	1.111007e-001	-1.111007e-001	-8.232629e-001
1.817668031237176e-005	1.139593e-001	-1.139593e-001	-8.642500e-001
1.870200998702662e-005	1.172380e-001	-1.172380e-001	-8.996930e-001
1.934173616186683e-005	1.212288e-001	-1.212288e-001	-9.357563e-001
2.402518034213733e-005	1.503820e-001	-1.503820e-001	-1.171648e+000
3.306654025622870e-005	2.067050e-001	-2.067050e-001	-1.622440e+000
4.210790017032006e-005	2.619262e-001	-2.619262e-001	-2.064434e+000
5.114926008441143e-005	3.160456e-001	-3.160456e-001	-2.497629e+000
6.019061999850279e-005	3.690632e-001	-3.690632e-001	-2.922025e+000
6.923197991259416e-005	4.209791e-001	-4.209791e-001	-3.337623e+000
7.827333982668551e-005	4.717932e-001	-4.717932e-001	-3.744422e+000
8.731469974077686e-005	5.215055e-001	-5.215055e-001	-4.142423e+000
1.019631372407769e-004	5.990267e-001	-5.990267e-001	-4.763289e+000
1.166115747407769e-004	6.701328e-001	-6.701328e-001	-5.333153e+000
1.312600122407769e-004	7.348239e-001	-7.348239e-001	-5.852016e+000
1.459084497407769e-004	7.931000e-001	-7.931000e-001	-6.319876e+000
1.605568872407770e-004	8.449610e-001	-8.449610e-001	-6.736735e+000
1.752053247407770e-004	8.904070e-001	-8.904070e-001	-7.102592e+000
1.898537622407770e-004	9.294379e-001	-9.294379e-001	-7.417447e+000
2.142678247407770e-004	9.741109e-001	-9.741109e-001	-7.781921e+000
2.386818872407770e-004	9.961813e-001	-9.961813e-001	-7.965137e+000
2.630959497407771e-004	9.956489e-001	-9.956489e-001	-7.967097e+000
2.875100122407771e-004	9.725137e-001	-9.725137e-001	-7.787800e+000
3.119240747407771e-004	9.267759e-001	-9.267759e-001	-7.427247e+000
3.363381372407771e-004	8.584353e-001	-8.584353e-001	-6.885436e+000
3.607521997407771e-004	7.674921e-001	-7.674921e-001	-6.162369e+000
3.726104586693485e-004	7.168223e-001	-7.168223e-001	-5.758394e+000
3.844687175979200e-004	6.629741e-001	-6.629741e-001	-5.328853e+000
3.963269765264914e-004	6.059476e-001	-6.059476e-001	-4.873744e+000
4.081852354550629e-004	5.457428e-001	-5.457428e-001	-4.393068e+000
4.200434943836343e-004	4.823596e-001	-4.823596e-001	-3.886825e+000
4.319017533122057e-004	4.157980e-001	-4.157980e-001	-3.355015e+000
4.437600122407772e-004	3.460580e-001	-3.460580e-001	-2.797638e+000
4.493403693836343e-004	3.128517e-001	-3.128517e-001	-2.532040e+000
4.549207265264915e-004	2.793646e-001	-2.793646e-001	-2.264326e+000
4.605010836693486e-004	2.455970e-001	-2.455970e-001	-1.994495e+000
4.660814408122058e-004	2.115487e-001	-2.115487e-001	-1.722547e+000
4.716617979550629e-004	1.772197e-001	-1.772197e-001	-1.448482e+000
4.772421550979200e-004	1.426101e-001	-1.426101e-001	-1.172300e+000
4.828225122407772e-004	1.077199e-001	-1.077199e-001	-8.940008e-001
4.877053247407772e-004	7.717291e-002	-7.717291e-002	-6.573995e-001
4.893124855423199e-004	6.710118e-002	-6.710118e-002	-5.944796e-001
4.898299284186378e-004	6.385697e-002	-6.385697e-002	-5.870869e-001
4.902992682097458e-004	6.091371e-002	-6.091371e-002	-5.899172e-001
4.907686080008539e-004	5.796998e-002	-5.796998e-002	-5.928475e-001
4.912379477919619e-004	5.502578e-002	-5.502578e-002	-5.958776e-001
4.917072875830700e-004	5.208112e-002	-5.208112e-002	-5.990078e-001
4.921766273741780e-004	4.913598e-002	-4.913598e-002	-6.022379e-001
4.926459671652861e-004	4.619038e-002	-4.619038e-002	-6.055679e-001
4.931153069563941e-004	4.324431e-002	-4.324431e-002	-6.089979e-001
4.937359671439448e-004	3.934792e-002	-3.934792e-002	-5.993954e-001
4.940490460546221e-004	3.738223e-002	-3.738223e-002	-5.522842e-001
4.942578905716804e-004	3.607091e-002	-3.607091e-002	-4.826624e-001
4.943875322369053e-004	3.525687e-002	-3.525687e-002	-4.406005e-001
4.945446618409869e-004	3.427019e-002	-3.427019e-002	-4.031841e-001
4.946587385170132e-004	3.355384e-002	-3.355384e-002	-3.783964e-001
4.947815713432542e-004	3.278248e-002	-3.278248e-002	-3.559874e-001
4.949101983269046e-004	3.197472e-002	-3.197472e-002	-3.365146e-001
4.950575433229368e-004	3.104938e-002	-3.104938e-002	-3.175019e-001
4.952490559577932e-004	2.984663e-002	-2.984663e-002	-2.970831e-001
4.955135261324147e-004	2.818561e-002	-2.818561e-002	-2.740781e-001
4.959605847181135e-004	2.537767e-002	-2.537767e-002	-2.427624e-001
4.965860097029690e-004	2.144909e-002	-2.144909e-002	-2.059666e-001
4.974532545555065e-004	1.600099e-002	-1.600099e-002	-1.601746e-001
4.989737850361498e-004	6.447854e-003	-6.447854e-003	-8.299182e-002
5.006381082954483e-004	-4.009342e-003	4.009342e-003	7.263630e-004
5.039667548140455e-004	-2.492128e-002	2.492128e-002	1.670785e-001
5.086096606194931e-004	-5.406971e-002	5.406971e-002	3.918384e-001
5.103943057749672e-004	-6.526293e-002	6.526293e-002	4.655710e-001
5.115764095618115e-004	-7.267261e-002	7.267261e-002	4.996025e-001
5.129385938626199e-004	-8.120607e-002	8.120607e-002	5.249569e-001
5.141111765259467e-004	-8.854701e-002	8.854701e-002	5.409915e-001
5.152651032640465e-004	-9.576648e-002	9.576648e-002	5.545444e-001
5.157021155552823e-004	-9.849933e-002	9.849933e-002	5.601391e-001
5.158840610525186e-004	-9.963690e-002	9.963690e-002	5.644999e-001
5.159760399145489e-004	-1.002119e-001	1.002119e-001	5.699857e-001
5.160691041055247e-004	-1.007937e-001	1.007937e-001	5.808944e-001
5.161551414689449e-004	-1.013315e-001	1.013315e-001	5.961869e-001
5.162576526213601e-004	-1.019723e-001	1.019723e-001	6.189265e-001
5.164181081138307e-004	-1.029752e-001	1.029752e-001	6.569635e-001
5.165950515387143e-004	-1.040809e-001	1.040809e-001	6.963665e-001
5.168369720806609e-004	-1.055926e-001	1.055926e-001	7.417639e-001
5.171196937158092e-004	-1.073589e-001	1.073589e-001	7.822274e-001
5.175817033829253e-004	-1.102446e-001	1.102446e-001	8.300582e-001
5.180430354211750e-004	-1.131251e-001	1.131251e-001	8.651780e-001
5.187136284745688e-004	-1.173104e-001	1.173104e-001	9.052862e-001
5.226919224638804e-004	-1.420950e-001	1.420950e-001	1.107095e+000
5.321863210453655e-004	-2.013584e-001	2.013584e-001	1.581849e+000
5.416807196268504e-004	-2.594021e-001	2.594021e-001	2.046862e+000
5.511751182083355e-004	-3.162260e-001	3.162260e-001	2.502134e+000
5.606695167898204e-004	-3.718302e-001	3.718302e-001	2.947666e+000
5.701639153713055e-004	-4.262147e-001	4.262147e-001	3.383457e+000
5.796583139527906e-004	-4.793794e-001	4.793794e-001	3.809508e+000
5.891527125342755e-004	-5.313243e-001	5.313243e-001	4.225818e+000
6.044986946771326e-004	-6.118760e-001	6.118760e-001	4.871700e+000
6.198446768199899e-004	-6.852373e-001	6.852373e-001	5.460216e+000
6.351906589628470e-004	-7.514080e-001	7.514080e-001	5.991366e+000
6.505366411057042e-004	-8.103882e-001	8.103882e-001	6.465149e+000
6.658826232485613e-004	-8.621780e-001	8.621780e-001	6.881566e+000
6.812286053914185e-004	-9.067772e-001	9.067772e-001	7.240617e+000
6.965745875342756e-004	-9.441860e-001	9.441860e-001	7.542301e+000
7.202911053914185e-004	-9.816682e-001	9.816682e-001	7.846275e+000
7.440076232485614e-004	-9.978873e-001	9.978873e-001	7.980079e+000
7.677241411057043e-004	-9.928435e-001	9.928435e-001	7.943712e+000
7.914406589628472e-004	-9.665366e-001	9.665366e-001	7.737174e+000
8.151571768199900e-004	-9.189667e-001	9.189667e-001	7.360466e+000
8.388736946771330e-004	-8.501337e-001	8.501337e-001	6.813588e+000
8.625902125342758e-004	-7.600377e-001	7.600377e-001	6.096539e+000
8.744484714628472e-004	-7.087249e-001	7.087249e-001	5.687670e+000
8.863067303914187e-004	-6.542860e-001	6.542860e-001	5.253705e+000
8.981649893199901e-004	-5.967210e-001	5.967210e-001	4.794643e+000
9.100232482485615e-004	-5.360300e-001	5.360300e-001	4.310485e+000
9.218815071771330e-004	-4.722128e-001	4.722128e-001	3.801230e+000
9.337397661057044e-004	-4.052695e-001	4.052695e-001	3.266879e+000
9.455980250342758e-004	-3.352002e-001	3.352002e-001	2.707431e+000
9.511783821771329e-004	-3.018623e-001	3.018623e-001	2.441018e+000
9.567587393199900e-004	-2.682576e-001	2.682576e-001	2.172617e+000
9.623390964628471e-004	-2.343860e-001	2.343860e-001	1.902228e+000
9.679194536057044e-004	-2.002476e-001	2.002476e-001	1.629851e+000
9.734998107485615e-004	-1.658425e-001	1.658425e-001	1.355486e+000
9.790801678914184e-004	-1.311704e-001	1.311704e-001	1.079132e+000
9.846605250342757e-004	-9.623162e-002	9.623162e-002	8.007901e-001
9.895433375342756e-004	-6.565389e-002	6.565389e-002	5.646606e-001
9.910505180215595e-004	-5.620163e-002	5.620163e-002	5.019776e-001
9.914672155925969e-004	-5.358738e-002	5.358738e-002	4.909270e-001
9.917251774348129e-004	-5.196882e-002	5.196882e-002	4.874077e-001
9.921652658182844e-004	-4.920716e-002	4.920716e-002	4.828814e-001
9.926053542017557e-004	-4.644517e-002	4.644517e-002	4.783657e-001
9.930454425852273e-004	-4.368286e-002	4.368286e-002	4.738607e-001
9.934855309686986e-004	-4.092022e-002	4.092022e-002	4.693663e-001
9.939256193521701e-004	-3.815725e-002	3.815725e-002	4.648826e-001
9.943657077356415e-004	-3.539396e-002	3.539396e-002	4.604095e-001
9.948057961191130e-004	-3.263035e-002	3.263035e-002	4.559471e-001
9.949552621609083e-004	-3.169172e-002	3.169172e-002	4.542850e-001
9.951334565384416e-004	-3.057263e-002	3.057263e-002	4.518929e-001
9.953054438379711e-004	-2.949249e-002	2.949249e-002	4.494948e-001
9.956899152950437e-004	-2.707775e-002	2.707775e-002	4.448981e-001
9.962025439044736e-004	-2.385786e-002	2.385786e-002	4.343661e-001
9.964241915406168e-004	-2.246558e-002	2.246558e-002	4.152129e-001
9.966655045220215e-004	-2.094972e-002	2.094972e-002	3.671895e-001
9.967813107869255e-004	-2.022224e-002	2.022224e-002	3.348291e-001
9.969155247995811e-004	-1.937912e-002	1.937912e-002	2.973642e-001
9.970303350728786e-004	-1.865787e-002	1.865787e-002	2.709471e-001
9.971504720958590e-004	-1.790315e-002	1.790315e-002	2.477764e-001
9.973011617973036e-004	-1.695649e-002	1.695649e-002	2.230761e-001
9.974888537550000e-004	-1.577734e-002	1.577734e-002	1.979957e-001
9.977735899735767e-004	-1.398849e-002	1.398849e-002	1.682438e-001
9.982001163291363e-004	-1.130876e-002	1.130876e-002	1.342685e-001
9.988965843138646e-004	-6.932910e-003	6.932910e-003	9.073880e-002
9.997750777801680e-004	-1.413228e-003	1.413228e-003	4.346392e-002
1.001308333983012e-003	8.220412e-003	-8.220412e-003	-3.435554e-002
1.003012567408381e-003	1.892739e-002	-1.892739e-002	-1.198888e-001
1.006421034259119e-003	4.033360e-002	-4.033360e-002	-2.898363e-001
1.008714255183880e-003	5.472593e-002	-5.472593e-002	-4.021471e-001
1.010333043119901e-003	6.487882e-002	-6.487882e-002	-4.770767e-001
1.011174840522963e-003	7.015592e-002	-7.015592e-002	-5.097366e-001
1.011962459186211e-003	7.509160e-002	-7.509160e-002	-5.305518e-001
1.012940806083072e-003	8.121992e-002	-8.121992e-002	-5.439711e-001
1.013960520722855e-003	8.760410e-002	-8.760410e-002	-5.478268e-001
1.015057646476265e-003	9.446891e-002	-9.446891e-002	-5.450912e-001
1.016163123640781e-003	1.013814e-001	-1.013814e-001	-5.520883e-001
1.016496900015917e-003	1.034676e-001	-1.034676e-001	-5.850329e-001
1.016694939579717e-003	1.047051e-001	-1.047051e-001	-6.337107e-001
1.016838719147453e-003	1.056035e-001	-1.056035e-001	-6.753068e-001
1.016995238804201e-003	1.065814e-001	-1.065814e-001	-7.135225e-001
1.017181889053732e-003	1.077474e-001	-1.077474e-001	-7.507659e-001
1.017409559340958e-003	1.091695e-001	-1.091695e-001	-7.863305e-001
1.017756312837219e-003	1.113349e-001	-1.113349e-001	-8.273772e-001
1.018131157596617e-003	1.136752e-001	-1.136752e-001	-8.605636e-001
1.018698745109754e-003	1.172176e-001	-1.172176e-001	-8.991626e-001
1.019308963016624e-003	1.210244e-001	-1.210244e-001	-9.340361e-001
1.023376117691962e-003	1.463490e-001	-1.463490e-001	-1.139405e+000
1.032746816090142e-003	2.047870e-001	-2.047870e-001	-1.607107e+000
1.042117514488322e-003	2.620318e-001	-2.620318e-001	-2.065286e+000
1.051488212886502e-003	3.180833e-001	-3.180833e-001	-2.513939e+000
1.060858911284682e-003	3.729416e-001	-3.729416e-001	-2.953069e+000
1.070229609682862e-003	4.266066e-001	-4.266066e-001	-3.382674e+000
1.079600308081042e-003	4.790783e-001	-4.790783e-001	-3.802755e+000
1.088971006479222e-003	5.303568e-001	-5.303568e-001	-4.213311e+000
1.104316988622079e-003	6.109732e-001	-6.109732e-001	-4.858993e+000
1.119662970764936e-003	6.844058e-001	-6.844058e-001	-5.447565e+000
1.135008952907793e-003	7.506543e-001	-7.506543e-001	-5.979027e+000
1.150354935050650e-003	8.097190e-001	-8.097190e-001	-6.453379e+000
1.165700917193506e-003	8.615997e-001	-8.615997e-001	-6.870621e+000
1.181046899336363e-003	9.062965e-001	-9.062965e-001	-7.230752e+000
1.196392881479220e-003	9.438093e-001	-9.438093e-001	-7.533773e+000
1.220109399336362e-003	9.814648e-001	-9.814648e-001	-7.842123e+000
1.243825917193505e-003	9.978528e-001	-9.978528e-001	-7.979838e+000
1.267542435050647e-003	9.929733e-001	-9.929733e-001	-7.946916e+000
1.291258952907789e-003	9.668261e-001	-9.668261e-001	-7.743360e+000
1.314975470764932e-003	9.194114e-001	-9.194114e-001	-7.369167e+000
1.338691988622074e-003	8.507291e-001	-8.507291e-001	-6.824339e+000
1.362408506479216e-003	7.607792e-001	-7.607792e-001	-6.108876e+000
1.374266765407787e-003	7.095297e-001	-7.095297e-001	-5.700237e+000
1.386125024336359e-003	6.551488e-001	-6.551488e-001	-5.266411e+000
1.397983283264930e-003	5.976367e-001	-5.976367e-001	-4.807396e+000
1.409841542193501e-003	5.369934e-001	-5.369934e-001	-4.323193e+000
1.421699801122072e-003	4.732187e-001	-4.732187e-001	-3.813801e+000
1.433558060050643e-003	4.063128e-001	-4.063128e-001	-3.279221e+000
1.445416318979215e-003	3.362756e-001	-3.362756e-001	-2.719453e+000
1.450996676122072e-003	3.029505e-001	-3.029505e-001	-2.452840e+000
1.456577033264929e-003	2.693572e-001	-2.693572e-001	-2.184255e+000
1.462157390407786e-003	2.354957e-001	-2.354957e-001	-1.913700e+000
1.467737747550643e-003	2.013661e-001	-2.013661e-001	-1.641173e+000
1.473318104693500e-003	1.669682e-001	-1.669682e-001	-1.366675e+000
1.478898461836357e-003	1.323022e-001	-1.323022e-001	-1.090206e+000
1.484478818979214e-003	9.736795e-002	-9.736795e-002	-8.117651e-001
1.487404874044890e-003	7.905494e-002	-7.905494e-002	-6.689832e-001
1.488807720204028e-003	7.026522e-002	-7.026522e-002	-6.081693e-001
1.489514740691000e-003	6.583318e-002	-6.583318e-002	-5.878108e-001
1.489754906410987e-003	6.432737e-002	-6.432737e-002	-5.858935e-001
1.490132230917020e-003	6.196127e-002	-6.196127e-002	-5.883883e-001
1.490509555423053e-003	5.959486e-002	-5.959486e-002	-5.909186e-001
1.490886879929086e-003	5.722813e-002	-5.722813e-002	-5.934843e-001
1.491264204435119e-003	5.486108e-002	-5.486108e-002	-5.960857e-001
1.491641528941152e-003	5.249372e-002	-5.249372e-002	-5.987225e-001
1.492018853447185e-003	5.012604e-002	-5.012604e-002	-6.013948e-001
1.492396177953218e-003	4.775805e-002	-4.775805e-002	-6.041027e-001
1.493178356256320e-003	4.284853e-002	-4.284853e-002	-6.035563e-001
1.494024370538198e-003	3.753716e-002	-3.753716e-002	-5.449730e-001
1.494291684952460e-003	3.585871e-002	-3.585871e-002	-4.776159e-001
1.494474548155291e-003	3.471046e-002	-3.471046e-002	-4.240690e-001
1.494650118610672e-003	3.360797e-002	-3.360797e-002	-3.861665e-001
1.494769257164118e-003	3.285981e-002	-3.285981e-002	-3.614805e-001
1.494868267778144e-003	3.223804e-002	-3.223804e-002	-3.448848e-001
1.494971534147342e-003	3.158953e-002	-3.158953e-002	-3.303439e-001
1.495074394046019e-003	3.094355e-002	-3.094355e-002	-3.171133e-001
1.495193445303134e-003	3.019588e-002	-3.019588e-002	-3.038530e-001
1.495358341168088e-003	2.916027e-002	-2.916027e-002	-2.877191e-001
1.495596084128537e-003	2.766709e-002	-2.766709e-002	-2.680467e-001
1.495935223232694e-003	2.553697e-002	-2.553697e-002	-2.444089e-001
1.496468092094353e-003	2.218981e-002	-2.218981e-002	-2.126893e-001
1.497258045590718e-003	1.722736e-002	-1.722736e-002	-1.702769e-001
1.498281481112748e-003	1.079756e-002	-1.079756e-002	-1.179573e-001
1.500170047239157e-003	-1.068438e-003	1.068438e-003	-2.278687e-002
1.502352113326315e-003	-1.477823e-002	1.477823e-002	8.663072e-002
1.506669542944349e-003	-4.189371e-002	4.189371e-002	3.016038e-001
1.508204956682569e-003	-5.153043e-002	5.153043e-002	3.760129e-001
1.509429590393724e-003	-5.921321e-002	5.921321e-002	4.316501e-001
1.510255439309654e-003	-6.439225e-002	6.439225e-002	4.643096e-001
1.511055727946960e-003	-6.940933e-002	6.940933e-002	4.886470e-001
1.512130854829970e-003	-7.614663e-002	7.614663e-002	5.117981e-001
1.513404449208564e-003	-8.412310e-002	8.412310e-002	5.317714e-001
1.514673102645447e-003	-9.206328e-002	9.206328e-002	5.478205e-001
1.515562079835557e-003	-9.762370e-002	9.762370e-002	5.578431e-001
1.515761805952900e-003	-9.887254e-002	9.887254e-002	5.603693e-001
1.515867444544897e-003	-9.953301e-002	9.953301e-002	5.623753e-001
1.515931888058598e-003	-9.993590e-002	9.993590e-002	5.647887e-001
1.516001884652793e-003	-1.003735e-001	1.003735e-001	5.701984e-001
1.516097376422097e-003	-1.009704e-001	1.009704e-001	5.828717e-001
1.516198091916369e-003	-1.016000e-001	1.016000e-001	6.019002e-001
1.516307658744624e-003	-1.022848e-001	1.022848e-001	6.269335e-001
1.516457704362187e-003	-1.032226e-001	1.032226e-001	6.624450e-001
1.516679919930563e-003	-1.046113e-001	1.046113e-001	7.105750e-001
1.516916083981001e-003	-1.060869e-001	1.060869e-001	7.524269e-001
1.517243947346558e-003	-1.081351e-001	1.081351e-001	7.957433e-001
1.517701532345213e-003	-1.109928e-001	1.109928e-001	8.395666e-001
1.518198601269611e-003	-1.140962e-001	1.140962e-001	8.748035e-001
1.518977308510643e-003	-1.189556e-001	1.189556e-001	9.194784e-001
1.527870424030984e-003	-1.746353e-001	1.746353e-001	1.366571e+000
1.536763539551324e-003	-2.293528e-001	2.293528e-001	1.805733e+000
1.545656655071665e-003	-2.831081e-001	2.831081e-001	2.236966e+000
1.554549770592006e-003	-3.359011e-001	3.359011e-001	2.660269e+000
1.563442886112347e-003	-3.877319e-001	3.877319e-001	3.075642e+000
1.572336001632688e-003	-4.386005e-001	4.386005e-001	3.483085e+000
1.581229117153029e-003	-4.885068e-001	4.885068e-001	3.882598e+000
1.595877554653028e-003	-5.679962e-001	5.679962e-001	4.519818e+000
1.610525992153028e-003	-6.412818e-001	6.412818e-001	5.107558e+000
1.625174429653028e-003	-7.083637e-001	7.083637e-001	5.645817e+000
1.639822867153027e-003	-7.692418e-001	7.692418e-001	6.134594e+000
1.654471304653027e-003	-8.239161e-001	8.239161e-001	6.573891e+000
1.669119742153027e-003	-8.723866e-001	8.723866e-001	6.963706e+000
1.683768179653026e-003	-9.146534e-001	9.146534e-001	7.304041e+000
1.708879786795883e-003	-9.661867e-001	9.661867e-001	7.720571e+000
1.733991393938740e-003	-9.937643e-001	9.937643e-001	7.945414e+000
1.759103001081596e-003	-9.973860e-001	9.973860e-001	7.978570e+000
1.784214608224453e-003	-9.770519e-001	9.770519e-001	7.820039e+000
1.809326215367310e-003	-9.327620e-001	9.327620e-001	7.469821e+000
1.834437822510166e-003	-8.645163e-001	8.645163e-001	6.927915e+000
1.859549429653023e-003	-7.723147e-001	7.723147e-001	6.194323e+000
1.871407688581594e-003	-7.220694e-001	7.220694e-001	5.794017e+000
1.883265947510165e-003	-6.686117e-001	6.686117e-001	5.367924e+000
1.895124206438736e-003	-6.119417e-001	6.119417e-001	4.916044e+000
1.906982465367307e-003	-5.520594e-001	5.520594e-001	4.438378e+000
1.918840724295879e-003	-4.889647e-001	4.889647e-001	3.934924e+000
1.930698983224450e-003	-4.226577e-001	4.226577e-001	3.405684e+000
1.942557242153021e-003	-3.531384e-001	3.531384e-001	2.850657e+000
1.948137599295878e-003	-3.200205e-001	3.200205e-001	2.586135e+000
1.953717956438735e-003	-2.866129e-001	2.866129e-001	2.319354e+000
1.959298313581592e-003	-2.529157e-001	2.529157e-001	2.050314e+000
1.964878670724449e-003	-2.189287e-001	2.189287e-001	1.779015e+000
1.970459027867306e-003	-1.846522e-001	1.846522e-001	1.505457e+000
1.976039385010163e-003	-1.500859e-001	1.500859e-001	1.229640e+000
1.981619742153020e-003	-1.152300e-001	1.152300e-001	9.515638e-001
1.986502554653020e-003	-8.470533e-002	8.470533e-002	7.091853e-001
1.988666183627216e-003	-7.115229e-002	7.115229e-002	6.030383e-001
1.989975060904735e-003	-6.294691e-002	6.294691e-002	5.414425e-001
1.990649090648920e-003	-5.871970e-002	5.871970e-002	5.129361e-001
1.990983831133936e-003	-5.661996e-002	5.661996e-002	5.017573e-001
1.991560354616952e-003	-5.300301e-002	5.300301e-002	4.896080e-001
1.992008299854174e-003	-5.019219e-002	5.019219e-002	4.847112e-001
1.992456245091396e-003	-4.738103e-002	4.738103e-002	4.798981e-001
1.992904190328618e-003	-4.456952e-002	4.456952e-002	4.751687e-001
1.993352135565840e-003	-4.175767e-002	4.175767e-002	4.705229e-001
1.993800080803062e-003	-3.894547e-002	3.894547e-002	4.659608e-001
1.994248026040284e-003	-3.613292e-002	3.613292e-002	4.614824e-001
1.994695971277506e-003	-3.332003e-002	3.332003e-002	4.570876e-001
1.995063662863927e-003	-3.101095e-002	3.101095e-002	4.529381e-001
1.995281935304129e-003	-2.964013e-002	2.964013e-002	4.498833e-001
1.995536267228424e-003	-2.804278e-002	2.804278e-002	4.467953e-001
1.995845946968413e-003	-2.609772e-002	2.609772e-002	4.431880e-001
1.996207201063959e-003	-2.382860e-002	2.382860e-002	4.363464e-001
1.996399884614098e-003	-2.261826e-002	2.261826e-002	4.224314e-001
1.996607218032805e-003	-2.131586e-002	2.131586e-002	3.866468e-001
1.996707354487826e-003	-2.068683e-002	2.068683e-002	3.596341e-001
1.996832011533628e-003	-1.990374e-002	1.990374e-002	3.222231e-001
1.996923795359999e-003	-1.932716e-002	1.932716e-002	2.978676e-001
1.997028994826284e-003	-1.866629e-002	1.866629e-002	2.738853e-001
1.997171247572747e-003	-1.777264e-002	1.777264e-002	2.460503e-001
1.997338123549724e-003	-1.672428e-002	1.672428e-002	2.196190e-001
1.997654030194525e-003	-1.473963e-002	1.473963e-002	1.818190e-001
1.998149049778558e-003	-1.162960e-002	1.162960e-002	1.389261e-001
1.998897363410977e-003	-6.928015e-003	6.928015e-003	9.067303e-002
1.999687640049091e-003	-1.962614e-003	1.962614e-003	4.787405e-002
2.001110965468070e-003	6.980345e-003	-6.980345e-003	-2.441056e-002
2.002791223982191e-003	1.753688e-002	-1.753688e-002	-1.087972e-001
2.006151741010434e-003	3.864291e-002	-3.864291e-002	-2.763725e-001
2.009039549281943e-003	5.676663e-002	-5.676663e-002	-4.178558e-001
2.010314782401969e-003	6.476433e-002	-6.476433e-002	-4.765187e-001
2.011133970447031e-003	6.989975e-002	-6.989975e-002	-5.084475e-001
2.011876692612562e-003	7.455422e-002	-7.455422e-002	-5.289893e-001
2.012786590120014e-003	8.025412e-002	-8.025412e-002	-5.427981e-001
2.013769294882778e-003	8.640715e-002	-8.640715e-002	-5.477861e-001
2.014820857255953e-003	9.298766e-002	-9.298766e-002	-5.462065e-001
2.015732141389220e-003	9.868707e-002	-9.868707e-002	-5.418481e-001
2.016111619045352e-003	1.010595e-001	-1.010595e-001	-5.404828e-001
2.016319821376627e-003	1.023609e-001	-1.023609e-001	-5.447930e-001
2.016408573253593e-003	1.029156e-001	-1.029156e-001	-5.551692e-001
2.016500997491973e-003	1.034932e-001	-1.034932e-001	-5.771272e-001
2.016584848744779e-003	1.040172e-001	-1.040172e-001	-6.024027e-001
2.016688454577417e-003	1.046646e-001	-1.046646e-001	-6.348167e-001
2.016799970977100e-003	1.053614e-001	-1.053614e-001	-6.670672e-001
2.016958444492116e-003	1.063515e-001	-1.063515e-001	-7.058622e-001
2.017241877449881e-003	1.081221e-001	-1.081221e-001	-7.598556e-001
2.017626456200299e-003	1.105240e-001	-1.105240e-001	-8.128071e-001
2.018090959672682e-003	1.134242e-001	-1.134242e-001	-8.575209e-001
2.018586150965451e-003	1.165150e-001	-1.165150e-001	-8.926101e-001
2.019201598734857e-003	1.203547e-001	-1.203547e-001	-9.281617e-001
2.021316689560878e-003	1.335366e-001	-1.335366e-001	-1.036630e+000
2.030609330770331e-003	1.916122e-001	-1.916122e-001	-1.501539e+000
2.039901971979783e-003	2.485611e-001	-2.485611e-001	-1.957428e+000
2.049194613189236e-003	3.043834e-001	-3.043834e-001	-2.404298e+000
2.058487254398689e-003	3.590790e-001	-3.590790e-001	-2.842148e+000
2.067779895608142e-003	4.126479e-001	-4.126479e-001	-3.270979e+000
2.077072536817594e-003	4.650902e-001	-4.650902e-001	-3.690790e+000
2.086365178027047e-003	5.164058e-001	-5.164058e-001	-4.101582e+000
2.101013615527047e-003	5.942416e-001	-5.942416e-001	-4.724951e+000
2.115662053027046e-003	6.656947e-001	-6.656947e-001	-5.297575e+000
2.130310490527046e-003	7.307651e-001	-7.307651e-001	-5.819454e+000
2.144958928027046e-003	7.894529e-001	-7.894529e-001	-6.290587e+000
2.159607365527045e-003	8.417579e-001	-8.417579e-001	-6.710975e+000
2.174255803027045e-003	8.876803e-001	-8.876803e-001	-7.080618e+000
2.188904240527045e-003	9.272200e-001	-9.272200e-001	-7.399515e+000
2.213318303027044e-003	9.728179e-001	-9.728179e-001	-7.771345e+000
2.237732365527044e-003	9.957919e-001	-9.957919e-001	-7.961766e+000
2.262146428027043e-003	9.961420e-001	-9.961420e-001	-7.970778e+000
2.286560490527043e-003	9.738682e-001	-9.738682e-001	-7.798380e+000
2.310974553027042e-003	9.289704e-001	-9.289704e-001	-7.444574e+000
2.335388615527042e-003	8.614486e-001	-8.614486e-001	-6.909359e+000
2.359802678027041e-003	7.713029e-001	-7.713029e-001	-6.192734e+000
2.371660936955612e-003	7.209680e-001	-7.209680e-001	-5.791453e+000
2.383519195884183e-003	6.674279e-001	-6.674279e-001	-5.364389e+000
2.395377454812755e-003	6.106826e-001	-6.106826e-001	-4.911542e+000
2.407235713741326e-003	5.507321e-001	-5.507321e-001	-4.432912e+000
2.419093972669897e-003	4.875763e-001	-4.875763e-001	-3.928499e+000
2.430952231598468e-003	4.212154e-001	-4.212154e-001	-3.398303e+000
2.442810490527039e-003	3.516493e-001	-3.516493e-001	-2.842324e+000
2.448390847669897e-003	3.185126e-001	-3.185126e-001	-2.577340e+000
2.453971204812753e-003	2.850881e-001	-2.850881e-001	-2.310144e+000
2.459551561955610e-003	2.513759e-001	-2.513759e-001	-2.040739e+000
2.465131919098467e-003	2.173759e-001	-2.173759e-001	-1.769122e+000
2.470712276241324e-003	1.830881e-001	-1.830881e-001	-1.495295e+000
2.476292633384181e-003	1.485126e-001	-1.485126e-001	-1.219257e+000
2.481872990527038e-003	1.136493e-001	-1.136493e-001	-9.410089e-001
2.486755803027038e-003	8.311974e-002	-8.311974e-002	-7.000411e-001
2.488427391189415e-003	7.264879e-002	-7.264879e-002	-6.232359e-001
2.489359509347346e-003	6.680638e-002	-6.680638e-002	-5.908694e-001
2.489712821090585e-003	6.459125e-002	-6.459125e-002	-5.863581e-001
2.490433569525121e-003	6.007147e-002	-6.007147e-002	-5.906001e-001
2.490846302403778e-003	5.748264e-002	-5.748264e-002	-5.934745e-001
2.491259035282434e-003	5.489346e-002	-5.489346e-002	-5.962738e-001
2.491671768161091e-003	5.230394e-002	-5.230394e-002	-5.989979e-001
2.492084501039747e-003	4.971408e-002	-4.971408e-002	-6.016468e-001
2.492497233918404e-003	4.712386e-002	-4.712386e-002	-6.042206e-001
2.492909966797060e-003	4.453331e-002	-4.453331e-002	-6.067193e-001
2.493322699675717e-003	4.194241e-002	-4.194241e-002	-6.091428e-001
2.493899741242562e-003	3.831967e-002	-3.831967e-002	-5.824357e-001
2.494144358040128e-003	3.678378e-002	-3.678378e-002	-5.284362e-001
2.494452214069349e-003	3.485071e-002	-3.485071e-002	-4.283955e-001
2.494615965879502e-003	3.382243e-002	-3.382243e-002	-3.878898e-001
2.494796003208215e-003	3.269185e-002	-3.269185e-002	-3.555877e-001
2.494973434697470e-003	3.157759e-002	-3.157759e-002	-3.291720e-001
2.495213473505463e-003	3.007010e-002	-3.007010e-002	-3.015903e-001
2.495544586208305e-003	2.799053e-002	-2.799053e-002	-2.720419e-001
2.495989142275071e-003	2.519830e-002	-2.519830e-002	-2.412297e-001
2.496878254408603e-003	1.961325e-002	-1.961325e-002	-1.902556e-001
2.497688279835139e-003	1.452446e-002	-1.452446e-002	-1.479371e-001
2.499308330688212e-003	4.345873e-003	-4.345873e-003	-6.614404e-002
2.501179784919649e-003	-7.412740e-003	7.412740e-003	2.790925e-002
2.504922693382523e-003	-3.092526e-002	3.092526e-002	2.148149e-001
2.508239289924600e-003	-5.174587e-002	5.174587e-002	3.767722e-001
2.509719984562082e-003	-6.103450e-002	6.103450e-002	4.427004e-001
2.510786975396886e-003	-6.772469e-002	6.772469e-002	4.805715e-001
2.511772336097816e-003	-7.390034e-002	7.390034e-002	5.051473e-001
2.512901431931891e-003	-8.097334e-002	8.097334e-002	5.247957e-001
2.514056856831695e-003	-8.820705e-002	8.820705e-002	5.404017e-001
2.515195537415071e-003	-9.533139e-002	9.533139e-002	5.537434e-001
2.515629937026703e-003	-9.804801e-002	9.804801e-002	5.587670e-001
2.515819433432512e-003	-9.923285e-002	9.923285e-002	5.615212e-001
2.515907184914799e-003	-9.978147e-002	9.978147e-002	5.640101e-001
2.515983400128127e-003	-1.002579e-001	1.002579e-001	5.686915e-001
2.516060543027488e-003	-1.007402e-001	1.007402e-001	5.774423e-001
2.516154516170869e-003	-1.013276e-001	1.013276e-001	5.935202e-001
2.516260281580268e-003	-1.019887e-001	1.019887e-001	6.164432e-001
2.516388317671100e-003	-1.027890e-001	1.027890e-001	6.467705e-001
2.516590104557546e-003	-1.040500e-001	1.040500e-001	6.926785e-001
2.516806517254887e-003	-1.054023e-001	1.054023e-001	7.346956e-001
2.517099031148856e-003	-1.072298e-001	1.072298e-001	7.783178e-001
2.517520710927356e-003	-1.098637e-001	1.098637e-001	8.241141e-001
2.517990710987319e-003	-1.127984e-001	1.127984e-001	8.612916e-001
2.518597913507523e-003	-1.165884e-001	1.165884e-001	8.986066e-001
2.520488435985477e-003	-1.283774e-001	1.283774e-001	9.969409e-001
2.529626068346141e-003	-1.855223e-001	1.855223e-001	1.454849e+000
2.538763700706806e-003	-2.416045e-001	2.416045e-001	1.904239e+000
2.547901333067471e-003	-2.966239e-001	2.966239e-001	2.345110e+000
2.557038965428136e-003	-3.505806e-001	3.505806e-001	2.777462e+000
2.566176597788800e-003	-4.034745e-001	4.034745e-001	3.201296e+000
2.575314230149465e-003	-4.553056e-001	4.553056e-001	3.616610e+000
2.584451862510130e-003	-5.060740e-001	5.060740e-001	4.023407e+000
2.599100300010129e-003	-5.845354e-001	5.845354e-001	4.652439e+000
2.613748737510129e-003	-6.566800e-001	6.566800e-001	5.231085e+000
2.628397175010129e-003	-7.225077e-001	7.225077e-001	5.759345e+000
2.643045612510128e-003	-7.820187e-001	7.820187e-001	6.237218e+000
2.657694050010128e-003	-8.352129e-001	8.352129e-001	6.664704e+000
2.672342487510128e-003	-8.820902e-001	8.820902e-001	7.041803e+000
2.686990925010127e-003	-9.226508e-001	9.226508e-001	7.368516e+000
2.711404987510127e-003	-9.701075e-001	9.701075e-001	7.752331e+000
2.735819050010126e-003	-9.948999e-001	9.948999e-001	7.954791e+000
2.760233112510126e-003	-9.970281e-001	9.970281e-001	7.975895e+000
2.784647175010125e-003	-9.764921e-001	9.764921e-001	7.815644e+000
2.809061237510125e-003	-9.332918e-001	9.332918e-001	7.474036e+000
2.833475300010124e-003	-8.674273e-001	8.674273e-001	6.951073e+000
2.857889362510124e-003	-7.788985e-001	7.788985e-001	6.246754e+000
2.869747621438695e-003	-7.292437e-001	7.292437e-001	5.851185e+000
2.881605880367266e-003	-6.763300e-001	6.763300e-001	5.429456e+000
2.893464139295837e-003	-6.201573e-001	6.201573e-001	4.981567e+000
2.905322398224408e-003	-5.607258e-001	5.607258e-001	4.507519e+000
2.917180657152980e-003	-4.980353e-001	4.980353e-001	4.007311e+000
2.929038916081551e-003	-4.320858e-001	4.320858e-001	3.480943e+000
2.940897175010122e-003	-3.628775e-001	3.628775e-001	2.928415e+000
2.947175076795836e-003	-3.256998e-001	3.256998e-001	2.631324e+000
2.953452978581550e-003	-2.881630e-001	2.881630e-001	2.331521e+000
2.959730880367264e-003	-2.502673e-001	2.502673e-001	2.029006e+000
2.966008782152979e-003	-2.120124e-001	2.120124e-001	1.723780e+000
2.972286683938693e-003	-1.733985e-001	1.733985e-001	1.415841e+000
2.978564585724407e-003	-1.344256e-001	1.344256e-001	1.105191e+000
2.984842487510121e-003	-9.509356e-002	9.509356e-002	7.918291e-001
2.989725300010121e-003	-6.451301e-002	6.451301e-002	5.571076e-001
2.991176667747451e-003	-5.541024e-002	5.541024e-002	4.988218e-001
2.991553959345073e-003	-5.304313e-002	5.304313e-002	4.895925e-001
2.991772722488855e-003	-5.167049e-002	5.167049e-002	4.868315e-001
2.992208210797509e-003	-4.893765e-002	4.893765e-002	4.824003e-001
2.992643699106163e-003	-4.620450e-002	4.620450e-002	4.779685e-001
2.993079187414817e-003	-4.347103e-002	4.347103e-002	4.735359e-001
2.993514675723471e-003	-4.073724e-002	4.073724e-002	4.691026e-001
2.993950164032126e-003	-3.800314e-002	3.800314e-002	4.646686e-001
2.994385652340780e-003	-3.526872e-002	3.526872e-002	4.602338e-001
2.994821140649434e-003	-3.253399e-002	3.253399e-002	4.557984e-001
2.995017940551539e-003	-3.129809e-002	3.129809e-002	4.534998e-001
2.995188402337941e-003	-3.022755e-002	3.022755e-002	4.510654e-001
2.995381572021970e-003	-2.901437e-002	2.901437e-002	4.485555e-001
2.995606937742401e-003	-2.759892e-002	2.759892e-002	4.459760e-001
2.996057669183263e-003	-2.476786e-002	2.476786e-002	4.398258e-001
2.996301720595367e-003	-2.323488e-002	2.323488e-002	4.304761e-001
2.996485759730788e-003	-2.207883e-002	2.207883e-002	4.096870e-001
2.996609612608416e-003	-2.130082e-002	2.130082e-002	3.820518e-001
2.996719038483757e-003	-2.061343e-002	2.061343e-002	3.501185e-001
2.996819786095085e-003	-1.998054e-002	1.998054e-002	3.210234e-001
2.996925315897283e-003	-1.931761e-002	1.931761e-002	2.941390e-001
2.997094509633216e-003	-1.825472e-002	1.825472e-002	2.580481e-001
2.997301142737584e-003	-1.695661e-002	1.695661e-002	2.239854e-001
2.997714408946321e-003	-1.436030e-002	1.436030e-002	1.754432e-001
2.998278606865396e-003	-1.081562e-002	1.081562e-002	1.290337e-001
2.999056074508093e-003	-5.930824e-003	5.930824e-003	8.150518e-002
2.999894930746084e-003	-6.601695e-004	6.601695e-004	3.713733e-002
3.001442165870693e-003	9.061271e-003	-9.061271e-003	-4.109005e-002
3.003268872422327e-003	2.053749e-002	-2.053749e-002	-1.326964e-001
3.006922285525597e-003	4.348029e-002	-4.348029e-002	-3.147260e-001
3.008775111796716e-003	5.510772e-002	-5.510772e-002	-4.055554e-001
3.009885123396945e-003	6.207014e-002	-6.207014e-002	-4.576355e-001
3.010810311117446e-003	6.787097e-002	-6.787097e-002	-4.967268e-001
3.011542366907665e-003	7.245927e-002	-7.245927e-002	-5.210810e-001
3.012308224477877e-003	7.725779e-002	-7.725779e-002	-5.370876e-001
3.013280647027863e-003	8.334796e-002	-8.334796e-002	-5.461085e-001
3.014410275848501e-003	9.041877e-002	-9.041877e-002	-5.471679e-001
3.015531060794270e-003	9.742973e-002	-9.742973e-002	-5.429518e-001
3.015999773929403e-003	1.003603e-001	-1.003603e-001	-5.407207e-001
3.016292617666036e-003	1.021908e-001	-1.021908e-001	-5.436811e-001
3.016397068486847e-003	1.028437e-001	-1.028437e-001	-5.530561e-001
3.016476499178228e-003	1.033401e-001	-1.033401e-001	-5.699412e-001
3.016557461592179e-003	1.038460e-001	-1.038460e-001	-5.936471e-001
3.016652300274487e-003	1.044387e-001	-1.044387e-001	-6.235263e-001
3.016754122212639e-003	1.050749e-001	-1.050749e-001	-6.541010e-001
3.016896426712720e-003	1.059641e-001	-1.059641e-001	-6.914272e-001
3.017127331295212e-003	1.074066e-001	-1.074066e-001	-7.397448e-001
3.017504640750859e-003	1.097633e-001	-1.097633e-001	-7.977182e-001
3.017946681839450e-003	1.125235e-001	-1.125235e-001	-8.453119e-001
3.018429898633047e-003	1.155398e-001	-1.155398e-001	-8.824853e-001
3.018984653883142e-003	1.190014e-001	-1.190014e-001	-9.161362e-001
3.020871900939511e-003	1.307664e-001	-1.307664e-001	-1.014345e+000
3.030025187971149e-003	1.879880e-001	-1.879880e-001	-1.472473e+000
3.039178475002786e-003	2.441346e-001	-2.441346e-001	-1.921982e+000
3.048331762034423e-003	2.992062e-001	-2.992062e-001	-2.362870e+000
3.057485049066061e-003	3.532030e-001	-3.532030e-001	-2.795138e+000
3.066638336097698e-003	4.061247e-001	-4.061247e-001	-3.218785e+000
3.075791623129335e-003	4.579716e-001	-4.579716e-001	-3.633813e+000
3.084944910160972e-003	5.087435e-001	-5.087435e-001	-4.040220e+000
3.099593347660972e-003	5.870447e-001	-5.870447e-001	-4.667293e+000
3.114241785160972e-003	6.590121e-001	-6.590121e-001	-5.244007e+000
3.128890222660971e-003	7.246456e-001	-7.246456e-001	-5.770363e+000
3.143538660160971e-003	7.839453e-001	-7.839453e-001	-6.246361e+000
3.158187097660971e-003	8.369111e-001	-8.369111e-001	-6.672000e+000
3.172835535160970e-003	8.835430e-001	-8.835430e-001	-7.047282e+000
3.187483972660970e-003	9.238410e-001	-9.238410e-001	-7.372204e+000
3.211898035160970e-003	9.708194e-001	-9.708194e-001	-7.755011e+000
3.236312097660969e-003	9.951436e-001	-9.951436e-001	-7.956193e+000
3.260726160160969e-003	9.968136e-001	-9.968136e-001	-7.975751e+000
3.285140222660968e-003	9.758294e-001	-9.758294e-001	-7.813685e+000
3.309554285160968e-003	9.321911e-001	-9.321911e-001	-7.469995e+000
3.333968347660967e-003	8.658985e-001	-8.658985e-001	-6.944680e+000
3.358382410160966e-003	7.769518e-001	-7.769518e-001	-6.237741e+000
3.363962767303824e-003	7.543286e-001	-7.543286e-001	-6.057460e+000
3.369543124446680e-003	7.308534e-001	-7.308534e-001	-5.870325e+000
3.375123481589538e-003	7.065262e-001	-7.065262e-001	-5.676337e+000
3.380703838732394e-003	6.813469e-001	-6.813469e-001	-5.475495e+000
3.386284195875252e-003	6.553156e-001	-6.553156e-001	-5.267799e+000
3.391864553018108e-003	6.284323e-001	-6.284323e-001	-5.053250e+000
3.397444910160966e-003	6.006970e-001	-6.006970e-001	-4.831847e+000
3.402327722660966e-003	5.758905e-001	-5.758905e-001	-4.633792e+000
3.412093347660965e-003	5.241513e-001	-5.241513e-001	-4.220549e+000
3.421858972660965e-003	4.709560e-001	-4.709560e-001	-3.795612e+000
3.431624597660965e-003	4.163046e-001	-4.163046e-001	-3.358980e+000
3.441390222660965e-003	3.601972e-001	-3.601972e-001	-2.910654e+000
3.451155847660964e-003	3.026338e-001	-3.026338e-001	-2.450633e+000
3.460921472660964e-003	2.436144e-001	-2.436144e-001	-1.978918e+000
3.470687097660964e-003	1.831389e-001	-1.831389e-001	-1.495508e+000
3.485335535160964e-003	9.200923e-002	-9.200923e-002	-7.693923e-001
3.487611244012322e-003	7.776226e-002	-7.776226e-002	-6.592110e-001
3.488902167360248e-003	6.967325e-002	-6.967325e-002	-6.039504e-001
3.489484884378018e-003	6.602036e-002	-6.602036e-002	-5.878200e-001
3.489736063926567e-003	6.444552e-002	-6.444552e-002	-5.859597e-001
3.490204780302552e-003	6.150628e-002	-6.150628e-002	-5.889916e-001
3.490673496678536e-003	5.856656e-002	-5.856656e-002	-5.920809e-001
3.491142213054521e-003	5.562638e-002	-5.562638e-002	-5.952275e-001
3.491610929430505e-003	5.268572e-002	-5.268572e-002	-5.984315e-001
3.492079645806489e-003	4.974459e-002	-4.974459e-002	-6.016928e-001
3.492548362182474e-003	4.680299e-002	-4.680299e-002	-6.050115e-001
3.493017078558458e-003	4.386091e-002	-4.386091e-002	-6.083875e-001
3.493669286746010e-003	3.976656e-002	-3.976656e-002	-6.040126e-001
3.494017098776377e-003	3.758283e-002	-3.758283e-002	-5.633880e-001
3.494215286281175e-003	3.633843e-002	-3.633843e-002	-5.016591e-001
3.494360466028613e-003	3.542682e-002	-3.542682e-002	-4.520342e-001
3.494533396071023e-003	3.434093e-002	-3.434093e-002	-4.074183e-001
3.494657739104628e-003	3.356011e-002	-3.356011e-002	-3.796111e-001
3.494787288007308e-003	3.274658e-002	-3.274658e-002	-3.559313e-001
3.494924792113714e-003	3.188307e-002	-3.188307e-002	-3.351796e-001
3.495072421970068e-003	3.095594e-002	-3.095594e-002	-3.162081e-001
3.495259278113461e-003	2.978243e-002	-2.978243e-002	-2.963381e-001
3.495504873074626e-003	2.823996e-002	-2.823996e-002	-2.747796e-001
3.495890935623440e-003	2.581514e-002	-2.581514e-002	-2.472084e-001
3.496464306642037e-003	2.221359e-002	-2.221359e-002	-2.127672e-001
3.497275850731704e-003	1.711550e-002	-1.711550e-002	-1.693658e-001
3.498648171823297e-003	8.493685e-003	-8.493685e-003	-9.942203e-002
3.500164264019421e-003	-1.032101e-003	1.032101e-003	-2.307818e-002
3.503196448411668e-003	-2.008253e-002	2.008253e-002	1.288323e-001
3.507266023004861e-003	-4.563791e-002	4.563791e-002	3.302419e-001
3.509134936308619e-003	-5.736499e-002	5.736499e-002	4.180208e-001
3.510289425235008e-003	-6.460534e-002	6.460534e-002	4.646232e-001
3.511222710021415e-003	-7.045595e-002	7.045595e-002	4.925776e-001
3.512365278345176e-003	-7.761519e-002	7.761519e-002	5.159485e-001
3.513640576098041e-003	-8.560138e-002	8.560138e-002	5.349683e-001
3.514901377379029e-003	-9.349138e-002	9.349138e-002	5.504343e-001
3.515388781573490e-003	-9.653997e-002	9.653997e-002	5.559554e-001
3.515711720961710e-003	-9.855939e-002	9.855939e-002	5.596717e-001
3.515836257767397e-003	-9.933803e-002	9.933803e-002	5.616314e-001
3.515907645291281e-003	-9.978434e-002	9.978434e-002	5.638694e-001
3.515985586758963e-003	-1.002716e-001	1.002716e-001	5.688407e-001
3.516063218383154e-003	-1.007569e-001	1.007569e-001	5.778061e-001
3.516159667024271e-003	-1.013598e-001	1.013598e-001	5.945187e-001
3.516264428968889e-003	-1.020146e-001	1.020146e-001	6.173623e-001
3.516394959278953e-003	-1.028305e-001	1.028305e-001	6.483158e-001
3.516600310850366e-003	-1.041138e-001	1.041138e-001	6.949022e-001
3.516808423224003e-003	-1.054142e-001	1.054142e-001	7.349560e-001
3.517122552388000e-003	-1.073768e-001	1.073768e-001	7.813199e-001
3.517522543063478e-003	-1.098751e-001	1.098751e-001	8.245115e-001
3.517984984080389e-003	-1.127626e-001	1.127626e-001	8.607892e-001
3.518643685638382e-003	-1.168740e-001	1.168740e-001	9.012614e-001
3.520490710898926e-003	-1.283915e-001	1.283915e-001	9.970058e-001
3.529628709123212e-003	-1.855384e-001	1.855384e-001	1.454952e+000
3.538766707347499e-003	-2.416224e-001	2.416224e-001	1.904374e+000
3.547904705571786e-003	-2.966436e-001	2.966436e-001	2.345271e+000
3.557042703796073e-003	-3.506019e-001	3.506019e-001	2.777644e+000
3.566180702020360e-003	-4.034975e-001	4.034975e-001	3.201493e+000
3.575318700244647e-003	-4.553302e-001	4.553302e-001	3.616817e+000
3.584456698468934e-003	-5.061002e-001	5.061002e-001	4.023616e+000
3.599105135968933e-003	-5.845600e-001	5.845600e-001	4.652637e+000
3.613753573468933e-003	-6.567028e-001	6.567028e-001	5.231269e+000
3.628402010968933e-003	-7.225287e-001	7.225287e-001	5.759514e+000
3.643050448468932e-003	-7.820376e-001	7.820376e-001	6.237370e+000
3.657698885968932e-003	-8.352296e-001	8.352296e-001	6.664838e+000
3.672347323468932e-003	-8.821045e-001	8.821045e-001	7.041918e+000
3.686995760968931e-003	-9.226625e-001	9.226625e-001	7.368610e+000
3.711409823468931e-003	-9.701145e-001	9.701145e-001	7.752388e+000
3.735823885968930e-003	-9.949024e-001	9.949024e-001	7.954811e+000
3.760237948468930e-003	-9.970261e-001	9.970261e-001	7.975880e+000
3.784652010968929e-003	-9.764856e-001	9.764856e-001	7.815593e+000
3.809066073468929e-003	-9.332810e-001	9.332810e-001	7.473951e+000
3.833480135968928e-003	-8.674123e-001	8.674123e-001	6.950954e+000
3.857894198468928e-003	-7.788794e-001	7.788794e-001	6.246603e+000
3.869752457397499e-003	-7.292229e-001	7.292229e-001	5.851020e+000
3.881610716326070e-003	-6.763076e-001	6.763076e-001	5.429278e+000
3.893468975254641e-003	-6.201335e-001	6.201335e-001	4.981377e+000
3.905327234183212e-003	-5.607006e-001	5.607006e-001	4.507318e+000
3.917185493111783e-003	-4.980089e-001	4.980089e-001	4.007101e+000
3.929043752040355e-003	-4.320584e-001	4.320584e-001	3.480724e+000
3.940902010968926e-003	-3.628491e-001	3.628491e-001	2.928189e+000
3.947179912754640e-003	-3.256711e-001	3.256711e-001	2.631094e+000
3.953457814540354e-003	-2.881340e-001	2.881340e-001	2.331288e+000
3.959735716326069e-003	-2.502378e-001	2.502378e-001	2.028771e+000
3.966013618111782e-003	-2.119827e-001	2.119827e-001	1.723542e+000
3.972291519897497e-003	-1.733686e-001	1.733686e-001	1.415603e+000
3.978569421683210e-003	-1.343955e-001	1.343955e-001	1.104953e+000
3.984847323468925e-003	-9.506331e-002	9.506331e-002	7.915910e-001
3.989730135968925e-003	-6.448269e-002	6.448269e-002	5.566898e-001
3.991157152839514e-003	-5.553266e-002	5.553266e-002	4.993657e-001
3.991551096539260e-003	-5.306109e-002	5.306109e-002	4.896711e-001
3.991772463741961e-003	-5.167211e-002	5.167211e-002	4.868256e-001
3.994729906946644e-003	-3.310692e-002	3.310692e-002	4.567384e-001
3.995026447789144e-003	-3.124466e-002	3.124466e-002	4.533777e-001
3.995225737191739e-003	-2.999308e-002	2.999308e-002	4.505705e-001
3.995449874742835e-003	-2.858539e-002	2.858539e-002	4.477607e-001
3.995712103699619e-003	-2.693839e-002	2.693839e-002	4.444972e-001
3.996236561613188e-003	-2.364418e-002	2.364418e-002	4.323452e-001
3.996449150638183e-003	-2.230879e-002	2.230879e-002	4.114786e-001
3.996697500184040e-003	-2.074873e-002	2.074873e-002	3.579840e-001
3.996823609122568e-003	-1.995653e-002	1.995653e-002	3.227277e-001
3.996967725131486e-003	-1.905119e-002	1.905119e-002	2.848449e-001
3.997100959688120e-003	-1.821420e-002	1.821420e-002	2.568476e-001
3.997275974015113e-003	-1.711472e-002	1.711472e-002	2.268032e-001
3.997448494108811e-003	-1.603090e-002	1.603090e-002	2.029688e-001
3.997782971192083e-003	-1.392955e-002	1.392955e-002	1.674636e-001
3.998182733166307e-003	-1.141798e-002	1.141798e-002	1.351408e-001
3.998835346857041e-003	-7.317666e-003	7.317666e-003	9.416018e-002
3.999702249392874e-003	-1.870821e-003	1.870821e-003	4.725771e-002
4.001132483033135e-003	7.115541e-003	-7.115541e-003	-2.549666e-002
4.002978368467640e-003	1.871255e-002	-1.871255e-002	-1.181436e-001
4.006661226339252e-003	4.184150e-002	-4.184150e-002	-3.017131e-001
4.008956139661467e-003	5.624339e-002	-5.624339e-002	-4.140182e-001
4.010181051403927e-003	6.392581e-002	-6.392581e-002	-4.704677e-001
4.011135205756227e-003	6.990749e-002	-6.990749e-002	-5.083588e-001
4.011839374897343e-003	7.432040e-002	-7.432040e-002	-5.284308e-001
4.012715641335958e-003	7.980976e-002	-7.980976e-002	-5.422065e-001
4.013691159627023e-003	8.591803e-002	-8.591803e-002	-5.475655e-001
4.014831043398490e-003	9.305139e-002	-9.305139e-002	-5.460916e-001
4.015734998927569e-003	9.870493e-002	-9.870493e-002	-5.418280e-001
4.016112002962991e-003	1.010619e-001	-1.010619e-001	-5.404376e-001
4.016316880811417e-003	1.023425e-001	-1.023425e-001	-5.444851e-001
4.016405420576011e-003	1.028959e-001	-1.028959e-001	-5.542823e-001
4.016486941243030e-003	1.034053e-001	-1.034053e-001	-5.729778e-001
4.016568671117864e-003	1.039161e-001	-1.039161e-001	-5.973229e-001
4.016673867391517e-003	1.045735e-001	-1.045735e-001	-6.303729e-001
4.016778433923111e-003	1.052268e-001	-1.052268e-001	-6.611544e-001
4.016929742611548e-003	1.061722e-001	-1.061722e-001	-6.993014e-001
4.017196711718019e-003	1.078400e-001	-1.078400e-001	-7.523283e-001
4.017563707514073e-003	1.101322e-001	-1.101322e-001	-8.051988e-001
4.018051836393585e-003	1.131800e-001	-1.131800e-001	-8.542464e-001
4.018518189354519e-003	1.160909e-001	-1.160909e-001	-8.883730e-001
4.019135807868282e-003	1.199443e-001	-1.199443e-001	-9.245536e-001
4.021165479693758e-003	1.325950e-001	-1.325950e-001	-1.029046e+000
4.030458991110132e-003	1.906854e-001	-1.906854e-001	-1.494094e+000
4.039752502526507e-003	2.476518e-001	-2.476518e-001	-1.950140e+000
4.049046013942881e-003	3.034943e-001	-3.034943e-001	-2.397183e+000
4.058339525359256e-003	3.582128e-001	-3.582128e-001	-2.835223e+000
4.067633036775631e-003	4.118074e-001	-4.118074e-001	-3.264260e+000
4.076926548192006e-003	4.642780e-001	-4.642780e-001	-3.684295e+000
4.086220059608380e-003	5.156247e-001	-5.156247e-001	-4.095326e+000
4.100868497108379e-003	5.935084e-001	-5.935084e-001	-4.719077e+000
4.115516934608379e-003	6.650143e-001	-6.650143e-001	-5.292121e+000
4.130165372108379e-003	7.301425e-001	-7.301425e-001	-5.814459e+000
4.144813809608378e-003	7.888930e-001	-7.888930e-001	-6.286091e+000
4.159462247108378e-003	8.412658e-001	-8.412658e-001	-6.707017e+000
4.174110684608378e-003	8.872608e-001	-8.872608e-001	-7.077238e+000
4.188759122108378e-003	9.268781e-001	-9.268781e-001	-7.396752e+000
4.213173184608377e-003	9.726173e-001	-9.726173e-001	-7.769705e+000
4.237587247108376e-003	9.957293e-001	-9.957293e-001	-7.961226e+000
4.262001309608376e-003	9.962143e-001	-9.962143e-001	-7.971315e+000
4.286415372108375e-003	9.740721e-001	-9.740721e-001	-7.799973e+000
4.310829434608375e-003	9.293029e-001	-9.293029e-001	-7.447199e+000
4.335243497108374e-003	8.619065e-001	-8.619065e-001	-6.912993e+000
4.359657559608374e-003	7.718830e-001	-7.718830e-001	-6.197356e+000
4.371515818536945e-003	7.215993e-001	-7.215993e-001	-5.796488e+000
4.383374077465516e-003	6.681064e-001	-6.681064e-001	-5.369804e+000
4.395232336394088e-003	6.114043e-001	-6.114043e-001	-4.917304e+000
4.407090595322658e-003	5.514928e-001	-5.514928e-001	-4.438988e+000
4.418948854251229e-003	4.883720e-001	-4.883720e-001	-3.934856e+000
4.430807113179801e-003	4.220420e-001	-4.220420e-001	-3.404908e+000
4.442665372108372e-003	3.525027e-001	-3.525027e-001	-2.849145e+000
4.448245729251229e-003	3.193767e-001	-3.193767e-001	-2.584252e+000
4.453826086394087e-003	2.859619e-001	-2.859619e-001	-2.317136e+000
4.459406443536943e-003	2.522583e-001	-2.522583e-001	-2.047797e+000
4.464986800679800e-003	2.182658e-001	-2.182658e-001	-1.776235e+000
4.470567157822657e-003	1.839844e-001	-1.839844e-001	-1.502449e+000
4.476147514965514e-003	1.494142e-001	-1.494142e-001	-1.226440e+000
4.481727872108371e-003	1.145551e-001	-1.145551e-001	-9.482082e-001
4.486610684608371e-003	8.402835e-002	-8.402835e-002	-7.073662e-001
4.488577714626533e-003	7.170674e-002	-7.170674e-002	-6.190652e-001
4.489575433320520e-003	6.545266e-002	-6.545266e-002	-5.885793e-001
4.489875958384466e-003	6.356834e-002	-6.356834e-002	-5.864514e-001
4.492990215594228e-003	4.402954e-002	-4.402954e-002	-6.082020e-001
4.493650526767039e-003	3.988434e-002	-3.988434e-002	-6.044459e-001
4.494004968795306e-003	3.765899e-002	-3.765899e-002	-5.647129e-001
4.494202750501527e-003	3.641714e-002	-3.641714e-002	-5.039827e-001
4.494351025057986e-003	3.548611e-002	-3.548611e-002	-4.531751e-001
4.494527092893643e-003	3.438051e-002	-3.438051e-002	-4.074793e-001
4.494654956749101e-003	3.357758e-002	-3.357758e-002	-3.790076e-001
4.494787506429330e-003	3.274521e-002	-3.274521e-002	-3.550190e-001
4.494929670944555e-003	3.185243e-002	-3.185243e-002	-3.338373e-001
4.495082156377195e-003	3.089481e-002	-3.089481e-002	-3.145627e-001
4.495274808296514e-003	2.968489e-002	-2.968489e-002	-2.944694e-001
4.495527320013846e-003	2.809898e-002	-2.809898e-002	-2.727472e-001
4.495921435954401e-003	2.562357e-002	-2.562357e-002	-2.450746e-001
4.496495388216787e-003	2.201835e-002	-2.201835e-002	-2.109627e-001
4.497317353598972e-003	1.685477e-002	-1.685477e-002	-1.672046e-001
4.498705137882972e-003	8.135769e-003	-8.135769e-003	-9.654520e-002
4.500233190161882e-003	-1.465176e-003	1.465176e-003	-1.961392e-002
4.503289294719702e-003	-2.066578e-002	2.066578e-002	1.333617e-001
4.508052492770046e-003	-5.057372e-002	5.057372e-002	3.663537e-001
4.510074084541151e-003	-6.325508e-002	6.325508e-002	4.549583e-001
4.511158595894014e-003	-7.005410e-002	7.005410e-002	4.905306e-001
4.512262804083703e-003	-7.697326e-002	7.697326e-002	5.143915e-001
4.513399195700089e-003	-8.409021e-002	8.409021e-002	5.318679e-001
4.515240394552223e-003	-9.561194e-002	9.561194e-002	5.542607e-001
4.515622696952821e-003	-9.800274e-002	9.800274e-002	5.586384e-001
4.515793782028587e-003	-9.907246e-002	9.907246e-002	5.609949e-001
4.515882638038276e-003	-9.962800e-002	9.962800e-002	5.631693e-001
4.515952728237458e-003	-1.000662e-001	1.000662e-001	5.668029e-001
4.516024811904625e-003	-1.005168e-001	1.005168e-001	5.738292e-001
4.516111696929058e-003	-1.010600e-001	1.010600e-001	5.871518e-001
4.516213068913635e-003	-1.016936e-001	1.016936e-001	6.078072e-001
4.516332090338168e-003	-1.024375e-001	1.024375e-001	6.355892e-001
4.516499375448441e-003	-1.034830e-001	1.034830e-001	6.745511e-001
4.516734687793155e-003	-1.049535e-001	1.049535e-001	7.232271e-001
4.516972393835283e-003	-1.064387e-001	1.064387e-001	7.621735e-001
4.517374700441657e-003	-1.089518e-001	1.089518e-001	8.104299e-001
4.517824250328863e-003	-1.117591e-001	1.117591e-001	8.496511e-001
4.518375383130170e-003	-1.151996e-001	1.151996e-001	8.857709e-001
4.520067975000255e-003	-1.257569e-001	1.257569e-001	9.757950e-001
4.529088453318958e-003	-1.821852e-001	1.821852e-001	1.428034e+000
4.538108931637661e-003	-2.375936e-001	2.375936e-001	1.872078e+000
4.547129409956364e-003	-2.919819e-001	2.919819e-001	2.307930e+000
4.556149888275066e-003	-3.453504e-001	3.453504e-001	2.735587e+000
4.565170366593769e-003	-3.976989e-001	3.976989e-001	3.155051e+000
4.574190844912472e-003	-4.490274e-001	4.490274e-001	3.566321e+000
4.583211323231175e-003	-4.993359e-001	4.993359e-001	3.969397e+000
4.597859760731174e-003	-5.781969e-001	5.781969e-001	4.601612e+000
4.612508198231174e-003	-6.507842e-001	6.507842e-001	5.183787e+000
4.627156635731174e-003	-7.170979e-001	7.170979e-001	5.715921e+000
4.641805073231173e-003	-7.771381e-001	7.771381e-001	6.198015e+000
4.656453510731173e-003	-8.309046e-001	8.309046e-001	6.630068e+000
4.671101948231173e-003	-8.783975e-001	8.783975e-001	7.012081e+000
4.685750385731173e-003	-9.196169e-001	9.196169e-001	7.344054e+000
4.710861992874029e-003	-9.691743e-001	9.691743e-001	7.744798e+000
4.735973600016886e-003	-9.948186e-001	9.948186e-001	7.954188e+000
4.761085207159743e-003	-9.965498e-001	9.965498e-001	7.972224e+000
4.786196814302599e-003	-9.743679e-001	9.743679e-001	7.798907e+000
4.811308421445455e-003	-9.282728e-001	9.282728e-001	7.434236e+000
4.836420028588312e-003	-8.582647e-001	8.582647e-001	6.878212e+000
4.861531635731169e-003	-7.643434e-001	7.643434e-001	6.130834e+000
4.873389894659740e-003	-7.134001e-001	7.134001e-001	5.724930e+000
4.885248153588311e-003	-6.593006e-001	6.593006e-001	5.293687e+000
4.897106412516883e-003	-6.020448e-001	6.020448e-001	4.837107e+000
4.908964671445453e-003	-5.416328e-001	5.416328e-001	4.355188e+000
4.920822930374024e-003	-4.780645e-001	4.780645e-001	3.847932e+000
4.932681189302596e-003	-4.113399e-001	4.113399e-001	3.315338e+000
4.944539448231167e-003	-3.414592e-001	3.414592e-001	2.757406e+000
4.950119805374024e-003	-3.081965e-001	3.081965e-001	2.491664e+000
4.955700162516881e-003	-2.746590e-001	2.746590e-001	2.223824e+000
4.961280519659738e-003	-2.408467e-001	2.408467e-001	1.953886e+000
4.966860876802595e-003	-2.067597e-001	2.067597e-001	1.681850e+000
4.972441233945452e-003	-1.723978e-001	1.723978e-001	1.407716e+000
4.978021591088309e-003	-1.377612e-001	1.377612e-001	1.131484e+000
4.983601948231166e-003	-1.028498e-001	1.028498e-001	8.531544e-001
4.988484760731166e-003	-7.228927e-002	7.228927e-002	6.126311e-001
4.990333773419541e-003	-6.069736e-002	6.069736e-002	5.272184e-001
4.991065379571990e-003	-5.610839e-002	5.610839e-002	4.999656e-001
4.991361233269890e-003	-5.425232e-002	5.425232e-002	4.927152e-001
4.991794736855289e-003	-5.153235e-002	5.153235e-002	4.867082e-001
4.992232327348392e-003	-4.878630e-002	4.878630e-002	4.822084e-001
4.992669917841495e-003	-4.603994e-002	4.603994e-002	4.777176e-001
4.993107508334599e-003	-4.329325e-002	4.329325e-002	4.732358e-001
4.993545098827702e-003	-4.054625e-002	4.054625e-002	4.687629e-001
4.993982689320806e-003	-3.779893e-002	3.779893e-002	4.642990e-001
4.994420279813909e-003	-3.505129e-002	3.505129e-002	4.598441e-001
4.994857870307013e-003	-3.230333e-002	3.230333e-002	4.553981e-001
4.994985778139925e-003	-3.150008e-002	3.150008e-002	4.539447e-001
4.995152842912211e-003	-3.045088e-002	3.045088e-002	4.516626e-001
4.995323782236505e-003	-2.937732e-002	2.937732e-002	4.492901e-001
4.995465208199877e-003	-2.848908e-002	2.848908e-002	4.476042e-001
4.995748060126620e-003	-2.671255e-002	2.671255e-002	4.435025e-001
4.996313763980107e-003	-2.315923e-002	2.315923e-002	4.255673e-001
4.996530287137162e-003	-2.179912e-002	2.179912e-002	4.014766e-001
4.996683839577794e-003	-2.083454e-002	2.083454e-002	3.656049e-001
4.996806684386589e-003	-2.006285e-002	2.006285e-002	3.297058e-001
4.996901925707636e-003	-1.946454e-002	1.946454e-002	3.036255e-001
4.997005568116201e-003	-1.881346e-002	1.881346e-002	2.789790e-001
4.997135511566986e-003	-1.799714e-002	1.799714e-002	2.523721e-001
4.997285632802315e-003	-1.705405e-002	1.705405e-002	2.271183e-001
4.997543382325790e-003	-1.543477e-002	1.543477e-002	1.937899e-001
4.998017581825185e-003	-1.245558e-002	1.245558e-002	1.492488e-001
4.998709647124404e-003	-8.107438e-003	8.107438e-003	1.016132e-001
4.999470070608958e-003	-3.329638e-003	3.329638e-003	5.899074e-002
5.000000000000000e-003	-1.224647e-015	1.224647e-015	3.150604e-002
