time	V(v1)	V(v2)	V(vo1)	V(vo2)
0.000000000000000e+000	0.000000e+000	0.000000e+000	3.961987e-003	2.441057e-007
2.247040765523503e-008	1.411857e-004	1.411857e-004	3.960081e-003	-1.866251e-006
4.494081531047006e-008	2.823715e-004	2.823715e-004	3.960970e-003	-9.246627e-007
6.741122296570509e-008	4.235572e-004	4.235572e-004	3.964653e-003	3.068872e-006
8.988163062094011e-008	5.647429e-004	5.647429e-004	3.971132e-003	1.011435e-005
1.123520382761751e-007	7.059286e-004	7.059286e-004	3.980405e-003	2.021178e-005
1.348224459314102e-007	8.471143e-004	8.471143e-004	3.992474e-003	3.336115e-005
1.572928535866452e-007	9.883000e-004	9.883000e-004	4.007337e-003	4.956247e-005
2.155577420925033e-007	1.354389e-003	1.354389e-003	4.084301e-003	1.331865e-004
2.840781246766692e-007	1.784915e-003	1.784915e-003	4.243780e-003	3.052781e-004
3.716995275462020e-007	2.335455e-003	2.335455e-003	4.570073e-003	6.529726e-004
4.760162635945951e-007	2.990894e-003	2.990894e-003	5.139559e-003	1.245725e-003
6.136667144625442e-007	3.855772e-003	3.855772e-003	6.139038e-003	2.248616e-003
7.562781517410766e-007	4.751818e-003	4.751818e-003	7.397384e-003	3.436949e-003
9.344033751232854e-007	5.870996e-003	5.870996e-003	9.160057e-003	4.960643e-003
1.106945262174526e-006	6.955086e-003	6.955086e-003	1.095251e-002	6.334849e-003
1.267166864643034e-006	7.961760e-003	7.961760e-003	1.263882e-002	7.443028e-003
1.434157524705547e-006	9.010956e-003	9.010956e-003	1.439563e-002	8.404595e-003
1.636966800671677e-006	1.028518e-002	1.028518e-002	1.653503e-002	9.374438e-003
1.804804532771811e-006	1.133968e-002	1.133968e-002	1.832553e-002	1.005455e-002
1.967497231294607e-006	1.236183e-002	1.236183e-002	2.009480e-002	1.062488e-002
2.183663309328374e-006	1.371993e-002	1.371993e-002	2.249674e-002	1.129785e-002
2.380564674943115e-006	1.495697e-002	1.495697e-002	2.473305e-002	1.183784e-002
2.655088494575725e-006	1.668164e-002	1.668164e-002	2.791545e-002	1.247942e-002
2.978044148134900e-006	1.871051e-002	1.871051e-002	3.172160e-002	1.310222e-002
3.287064646290051e-006	2.065177e-002	2.065177e-002	3.541828e-002	1.356786e-002
3.700231609860796e-006	2.324715e-002	2.324715e-002	4.042855e-002	1.403002e-002
4.176693180103648e-006	2.623993e-002	2.623993e-002	4.627764e-002	1.440463e-002
4.712721062290752e-006	2.960657e-002	2.960657e-002	5.293196e-002	1.466424e-002
5.433416282712049e-006	3.413253e-002	3.413253e-002	6.196314e-002	1.482178e-002
6.484527411176080e-006	4.073222e-002	4.073222e-002	7.522571e-002	1.483390e-002
7.542797258140606e-006	4.737505e-002	4.737505e-002	8.863480e-002	1.469629e-002
8.842381303706518e-006	5.552974e-002	5.552974e-002	1.051290e-001	1.442659e-002
1.012712611335453e-005	6.358768e-002	6.358768e-002	1.214256e-001	1.413344e-002
1.215288076314435e-005	7.628462e-002	7.628462e-002	1.470742e-001	1.369389e-002
1.431720891287508e-005	8.983640e-002	8.983640e-002	1.743966e-001	1.329387e-002
1.803765558648248e-005	1.130915e-001	1.130915e-001	2.211819e-001	1.275645e-002
2.241762433073325e-005	1.403888e-001	1.403888e-001	2.759568e-001	1.230042e-002
3.072366846371106e-005	1.918458e-001	1.918458e-001	3.791408e-001	1.169613e-002
3.637932846027146e-005	2.265928e-001	2.265928e-001	4.488108e-001	1.139326e-002
4.872510253234095e-005	3.013888e-001	3.013888e-001	5.986885e-001	1.087707e-002
6.555567775761435e-005	4.003497e-001	4.003497e-001	7.969613e-001	1.026667e-002
7.858410724894865e-005	4.739388e-001	4.739388e-001	9.441146e-001	9.786925e-003
9.858410724894864e-005	5.805648e-001	5.805648e-001	1.157428e+000	8.987313e-003
1.185841072489486e-004	6.780350e-001	6.780350e-001	1.352836e+000	8.091202e-003
1.385841072489487e-004	7.648121e-001	7.648121e-001	1.526958e+000	7.093239e-003
1.585841072489487e-004	8.395277e-001	8.395277e-001	1.677054e+000	5.999457e-003
1.785841072489487e-004	9.010034e-001	9.010034e-001	1.800759e+000	4.821525e-003
1.985841072489487e-004	9.482698e-001	9.482698e-001	1.896125e+000	3.574441e-003
2.185841072489487e-004	9.805814e-001	9.805814e-001	1.961647e+000	2.275397e-003
2.385841072489487e-004	9.974287e-001	9.974287e-001	1.996295e+000	9.430294e-004
2.585841072489487e-004	9.985458e-001	9.985458e-001	1.999522e+000	-4.031659e-004
2.785841072489487e-004	9.839154e-001	9.839154e-001	1.971278e+000	-1.743348e-003
2.985841072489488e-004	9.537680e-001	9.537680e-001	1.912009e+000	-3.057827e-003
3.185841072489488e-004	9.085791e-001	9.085791e-001	1.822651e+000	-4.327567e-003
3.385841072489489e-004	8.490613e-001	8.490613e-001	1.704613e+000	-5.534737e-003
3.585841072489489e-004	7.761534e-001	7.761534e-001	1.559760e+000	-6.663381e-003
3.785841072489490e-004	6.910051e-001	6.910051e-001	1.390377e+000	-7.700362e-003
3.985841072489490e-004	5.949591e-001	5.949591e-001	1.199141e+000	-8.637010e-003
4.185841072489491e-004	4.895304e-001	4.895304e-001	9.890732e-001	-9.472640e-003
4.385841072489491e-004	3.763815e-001	3.763815e-001	7.635034e-001	-1.022403e-002
4.485841072489492e-004	3.174655e-001	3.174655e-001	6.460201e-001	-1.058596e-002
4.585841072489492e-004	2.572967e-001	2.572967e-001	5.260319e-001	-1.096127e-002
4.685841072489492e-004	1.961125e-001	1.961125e-001	4.040365e-001	-1.139138e-002
4.785841072489493e-004	1.341543e-001	1.341543e-001	2.805796e-001	-1.198208e-002
4.885841072489492e-004	7.166668e-002	7.166668e-002	1.563479e-001	-1.301622e-002
4.985841072489493e-004	8.896199e-003	8.896199e-003	3.187302e-002	-1.453303e-002
5.062449659458357e-004	-3.922821e-002	-3.922821e-002	-6.416047e-002	-1.502589e-002
5.109407083010608e-004	-6.868837e-002	-6.868837e-002	-1.237497e-001	-1.409999e-002
5.123941497577717e-004	-7.779605e-002	-7.779605e-002	-1.421463e-001	-1.364840e-002
5.139434938242737e-004	-8.749752e-002	-8.749752e-002	-1.617437e-001	-1.344762e-002
5.152447339361776e-004	-9.564005e-002	-9.564005e-002	-1.781450e-001	-1.322080e-002
5.165459740480814e-004	-1.037750e-001	-1.037750e-001	-1.945201e-001	-1.301384e-002
5.178472141599853e-004	-1.119022e-001	-1.119022e-001	-2.108692e-001	-1.282674e-002
5.191484542718892e-004	-1.200219e-001	-1.200219e-001	-2.271922e-001	-1.265952e-002
5.204496943837931e-004	-1.281339e-001	-1.281339e-001	-2.434891e-001	-1.251216e-002
5.217509344956969e-004	-1.362384e-001	-1.362384e-001	-2.597599e-001	-1.238467e-002
5.230521746076008e-004	-1.443352e-001	-1.443352e-001	-2.760046e-001	-1.227705e-002
5.278209059814657e-004	-1.739150e-001	-1.739150e-001	-3.353276e-001	-1.190449e-002
5.329537385083331e-004	-2.055782e-001	-2.055782e-001	-3.987985e-001	-1.159109e-002
5.385563599867951e-004	-2.398941e-001	-2.398941e-001	-4.675097e-001	-1.131413e-002
5.460143095081984e-004	-2.851054e-001	-2.851054e-001	-5.579934e-001	-1.099764e-002
5.621773356030927e-004	-3.808096e-001	-3.808096e-001	-7.495795e-001	-1.039478e-002
5.811237662162023e-004	-4.879291e-001	-4.879291e-001	-9.639035e-001	-9.692972e-003
6.011237662162023e-004	-5.934829e-001	-5.934829e-001	-1.175393e+000	-8.881215e-003
6.211237662162024e-004	-6.896771e-001	-6.896771e-001	-1.368262e+000	-7.971405e-003
6.411237662162024e-004	-7.749947e-001	-7.749947e-001	-1.539478e+000	-6.960269e-003
6.611237662162025e-004	-8.480902e-001	-8.480902e-001	-1.686346e+000	-5.854728e-003
6.811237662162025e-004	-9.078108e-001	-9.078108e-001	-1.806551e+000	-4.666883e-003
7.011237662162026e-004	-9.532147e-001	-9.532147e-001	-1.898201e+000	-3.412023e-003
7.211237662162026e-004	-9.835858e-001	-9.835858e-001	-1.959850e+000	-2.107536e-003
7.411237662162027e-004	-9.984452e-001	-9.984452e-001	-1.990528e+000	-7.721818e-004
7.611237662162027e-004	-9.975585e-001	-9.975585e-001	-1.989751e+000	5.744831e-004
7.811237662162028e-004	-9.809397e-001	-9.809397e-001	-1.957533e+000	1.912621e-003
8.011237662162028e-004	-9.488509e-001	-9.488509e-001	-1.894381e+000	3.222607e-003
8.211237662162029e-004	-9.017982e-001	-9.017982e-001	-1.801293e+000	4.485541e-003
8.411237662162029e-004	-8.405235e-001	-8.405235e-001	-1.679738e+000	5.683814e-003
8.611237662162030e-004	-7.659934e-001	-7.659934e-001	-1.531635e+000	6.801801e-003
8.811237662162031e-004	-6.793830e-001	-6.793830e-001	-1.359322e+000	7.826889e-003
9.011237662162031e-004	-5.820583e-001	-5.820583e-001	-1.165520e+000	8.751301e-003
9.211237662162032e-004	-4.755543e-001	-4.755543e-001	-9.532944e-001	9.576160e-003
9.411237662162032e-004	-3.615505e-001	-3.615505e-001	-7.260097e-001	1.032281e-002
9.511237662162032e-004	-3.022941e-001	-3.022941e-001	-6.078461e-001	1.068874e-002
9.611237662162033e-004	-2.418447e-001	-2.418447e-001	-4.873027e-001	1.107809e-002
9.711237662162033e-004	-1.804409e-001	-1.804409e-001	-3.648871e-001	1.154501e-002
9.811237662162033e-004	-1.183250e-001	-1.183250e-001	-2.411733e-001	1.223424e-002
9.911237662162033e-004	-5.574211e-002	-5.574211e-002	-1.169043e-001	1.348637e-002
1.001123766216203e-003	7.060773e-003	7.060773e-003	7.659920e-003	1.505020e-002
1.005976522416248e-003	3.754277e-002	3.754277e-002	6.867319e-002	1.515724e-002
1.008174738784149e-003	5.134082e-002	5.134082e-002	9.659488e-002	1.470376e-002
1.010027249711734e-003	6.296139e-002	6.296139e-002	1.201514e-001	1.417331e-002
1.012240756879592e-003	7.683514e-002	7.683514e-002	1.481972e-001	1.366789e-002
1.015738152123838e-003	9.872465e-002	9.872465e-002	1.923226e-001	1.304659e-002
1.018465075690380e-003	1.157594e-001	1.157594e-001	2.265875e-001	1.268294e-002
1.020602379002769e-003	1.290873e-001	1.290873e-001	2.533519e-001	1.245394e-002
1.024876985627548e-003	1.556710e-001	1.556710e-001	3.066831e-001	1.208152e-002
1.029789091582168e-003	1.860794e-001	1.860794e-001	3.676585e-001	1.174370e-002
1.035036395867023e-003	2.183664e-001	2.183664e-001	4.323767e-001	1.145843e-002
1.040126256023568e-003	2.494582e-001	2.494582e-001	4.946533e-001	1.122383e-002
1.046525381212842e-003	2.881818e-001	2.881818e-001	5.720516e-001	1.096405e-002
1.056525381212842e-003	3.477399e-001	3.477399e-001	6.910979e-001	1.059194e-002
1.076525381212842e-003	4.625092e-001	4.625092e-001	9.209151e-001	9.864042e-003
1.096525381212842e-003	5.699844e-001	5.699844e-001	1.136225e+000	9.073555e-003
1.116525381212842e-003	6.684706e-001	6.684706e-001	1.333654e+000	8.188158e-003
1.136525381212842e-003	7.564147e-001	7.564147e-001	1.510100e+000	7.200540e-003
1.156525381212842e-003	8.324296e-001	8.324296e-001	1.662785e+000	6.116159e-003
1.176525381212842e-003	8.953167e-001	8.953167e-001	1.789304e+000	4.946244e-003
1.196525381212843e-003	9.440840e-001	9.440840e-001	1.887664e+000	3.705516e-003
1.216525381212843e-003	9.779627e-001	9.779627e-001	1.956315e+000	2.410980e-003
1.236525381212843e-003	9.964182e-001	9.964182e-001	1.994174e+000	1.081153e-003
1.256525381212843e-003	9.991596e-001	9.991596e-001	2.000646e+000	-2.645331e-004
1.276525381212843e-003	9.861437e-001	9.861437e-001	1.975629e+000	-1.606250e-003
1.296525381212843e-003	9.575757e-001	9.575757e-001	1.919519e+000	-2.924269e-003
1.316525381212843e-003	9.139062e-001	9.139062e-001	1.833201e+000	-4.199463e-003
1.336525381212843e-003	8.558238e-001	8.558238e-001	1.718037e+000	-5.413849e-003
1.356525381212843e-003	7.842445e-001	7.842445e-001	1.575845e+000	-6.551240e-003
1.376525381212843e-003	7.002973e-001	7.002973e-001	1.408870e+000	-7.598152e-003
1.396525381212843e-003	6.053060e-001	6.053060e-001	1.219749e+000	-8.545339e-003
1.416525381212843e-003	5.007686e-001	5.007686e-001	1.011471e+000	-9.391020e-003
1.436525381212843e-003	3.883338e-001	3.883338e-001	7.873355e-001	-1.014934e-002
1.446525381212843e-003	3.297049e-001	3.297049e-001	6.704274e-001	-1.051132e-002
1.456525381212843e-003	2.697747e-001	2.697747e-001	5.509150e-001	-1.088136e-002
1.466525381212843e-003	2.087799e-001	2.087799e-001	4.292904e-001	-1.129452e-002
1.476525381212843e-003	1.469612e-001	1.469612e-001	3.060855e-001	-1.183777e-002
1.486525381212843e-003	8.456242e-002	8.456242e-002	1.819447e-001	-1.274404e-002
1.496525381212843e-003	2.182994e-002	2.182994e-002	5.754916e-002	-1.424144e-002
1.504642204345024e-003	-2.916369e-002	-2.916369e-002	-4.385988e-002	-1.528677e-002
1.508155541315444e-003	-5.122035e-002	-5.122035e-002	-8.834658e-002	-1.487303e-002
1.509599456598330e-003	-6.027860e-002	-6.027860e-002	-1.066932e-001	-1.438442e-002
1.510585469529106e-003	-6.646187e-002	-6.646187e-002	-1.192218e-001	-1.415645e-002
1.511571482459882e-003	-7.264206e-002	-7.264206e-002	-1.317291e-001	-1.393994e-002
1.512557495390659e-003	-7.881915e-002	-7.881915e-002	-1.442153e-001	-1.373487e-002
1.513543508321435e-003	-8.499315e-002	-8.499315e-002	-1.566803e-001	-1.354125e-002
1.514529521252211e-003	-9.116406e-002	-9.116406e-002	-1.691241e-001	-1.335908e-002
1.515515534182987e-003	-9.733188e-002	-9.733188e-002	-1.815467e-001	-1.318836e-002
1.516501547113764e-003	-1.034966e-001	-1.034966e-001	-1.939481e-001	-1.302909e-002
1.518984367773093e-003	-1.189996e-001	-1.189996e-001	-2.251129e-001	-1.270512e-002
1.523556175864745e-003	-1.474680e-001	-1.474680e-001	-2.822398e-001	-1.224541e-002
1.530128068887634e-003	-1.881717e-001	-1.881717e-001	-3.638307e-001	-1.176320e-002
1.537236880873350e-003	-2.318375e-001	-2.318375e-001	-4.513688e-001	-1.137625e-002
1.543187160238953e-003	-2.680351e-001	-2.680351e-001	-5.238963e-001	-1.111220e-002
1.558850881875181e-003	-3.614019e-001	-3.614019e-001	-7.106542e-001	-1.051556e-002
1.578155273794351e-003	-4.715645e-001	-4.715645e-001	-9.312009e-001	-9.806014e-003
1.597373859484000e-003	-5.743566e-001	-5.743566e-001	-1.137134e+000	-9.040766e-003
1.616750354638684e-003	-6.695213e-001	-6.695213e-001	-1.327837e+000	-8.179074e-003
1.636743701316090e-003	-7.573112e-001	-7.573112e-001	-1.503975e+000	-7.190094e-003
1.656743701316090e-003	-8.331890e-001	-8.331890e-001	-1.656387e+000	-6.104350e-003
1.676743701316090e-003	-8.959269e-001	-8.959269e-001	-1.782609e+000	-4.933320e-003
1.696743701316090e-003	-9.445354e-001	-9.445354e-001	-1.880652e+000	-3.691714e-003
1.716743701316090e-003	-9.782481e-001	-9.782481e-001	-1.948971e+000	-2.396531e-003
1.736743701316090e-003	-9.965332e-001	-9.965332e-001	-1.986491e+000	-1.066285e-003
1.756743701316090e-003	-9.991025e-001	-9.991025e-001	-1.992619e+000	2.795967e-004
1.776743701316090e-003	-9.859152e-001	-9.859152e-001	-1.967259e+000	1.621295e-003
1.796743701316090e-003	-9.571795e-001	-9.571795e-001	-1.910814e+000	2.939096e-003
1.816743701316090e-003	-9.133485e-001	-9.133485e-001	-1.824172e+000	4.213896e-003
1.836743701316090e-003	-8.551134e-001	-8.551134e-001	-1.708703e+000	5.427747e-003
1.856743701316090e-003	-7.833927e-001	-7.833927e-001	-1.566228e+000	6.564521e-003
1.876743701316090e-003	-6.993175e-001	-6.993175e-001	-1.398997e+000	7.610827e-003
1.896743701316090e-003	-6.042135e-001	-6.042135e-001	-1.209650e+000	8.557599e-003
1.916743701316090e-003	-4.995808e-001	-4.995808e-001	-1.001182e+000	9.403436e-003
1.936743701316090e-003	-3.870693e-001	-3.870693e-001	-7.768932e-001	1.016346e-002
1.946743701316090e-003	-3.284095e-001	-3.284095e-001	-6.599244e-001	1.052775e-002
1.956743701316090e-003	-2.684536e-001	-2.684536e-001	-5.403627e-001	1.090224e-002
1.966743701316090e-003	-2.074382e-001	-2.074382e-001	-4.187017e-001	1.132444e-002
1.976743701316090e-003	-1.456042e-001	-1.456042e-001	-2.954783e-001	1.188855e-002
1.986743701316090e-003	-8.319551e-002	-8.319551e-002	-1.713532e-001	1.284758e-002
1.996743701316090e-003	-2.045850e-002	-2.045850e-002	-4.692727e-002	1.432558e-002
2.005512024815661e-003	3.462615e-002	3.462615e-002	6.287163e-002	1.506523e-002
2.009876143599154e-003	6.201382e-002	6.201382e-002	1.182564e-001	1.423103e-002
2.011314425208677e-003	7.103077e-002	7.103077e-002	1.364752e-001	1.374286e-002
2.012700972488887e-003	7.971789e-002	7.971789e-002	1.540463e-001	1.357711e-002
2.013881932979454e-003	8.711291e-002	8.711291e-002	1.689437e-001	1.335299e-002
2.015062893470020e-003	9.450222e-002	9.450222e-002	1.838218e-001	1.314834e-002
2.016243853960586e-003	1.018858e-001	1.018858e-001	1.986806e-001	1.296316e-002
2.017424814451152e-003	1.092637e-001	1.092637e-001	2.135202e-001	1.279746e-002
2.018605774941718e-003	1.166359e-001	1.166359e-001	2.283406e-001	1.265122e-002
2.019786735432284e-003	1.240024e-001	1.240024e-001	2.431416e-001	1.252446e-002
2.020967695922850e-003	1.313632e-001	1.313632e-001	2.579235e-001	1.241717e-002
2.024563469469011e-003	1.537248e-001	1.537248e-001	3.027779e-001	1.210549e-002
2.030325694469535e-003	1.893911e-001	1.893911e-001	3.742461e-001	1.171694e-002
2.037055025658986e-003	2.307259e-001	2.307259e-001	4.570173e-001	1.136549e-002
2.045081961872532e-003	2.794856e-001	2.794856e-001	5.546147e-001	1.102262e-002
2.053649793894172e-003	3.307438e-001	3.307438e-001	6.572323e-001	1.069751e-002
2.071265114274674e-003	4.329582e-001	4.329582e-001	8.618975e-001	1.005834e-002
2.090356177464039e-003	5.377150e-001	5.377150e-001	1.071566e+000	9.326736e-003
2.110344815497847e-003	6.390918e-001	6.390918e-001	1.274745e+000	8.472731e-003
2.130344815497847e-003	7.304500e-001	7.304500e-001	1.457988e+000	7.516479e-003
2.150344815497847e-003	8.102885e-001	8.102885e-001	1.618291e+000	6.461007e-003
2.170344815497847e-003	8.773484e-001	8.773484e-001	1.753128e+000	5.316084e-003
2.190344815497847e-003	9.305719e-001	9.305719e-001	1.860377e+000	4.095512e-003
2.210344815497847e-003	9.691197e-001	9.691197e-001	1.938346e+000	2.815684e-003
2.230344815497847e-003	9.923839e-001	9.923839e-001	1.985807e+000	1.494720e-003
2.250344815497847e-003	9.999977e-001	9.999977e-001	2.002013e+000	1.518264e-004
2.270344815497847e-003	9.918408e-001	9.918408e-001	1.986708e+000	-1.193238e-003
2.290344815497847e-003	9.680421e-001	9.680421e-001	1.940134e+000	-2.520661e-003
2.310344815497847e-003	9.289768e-001	9.289768e-001	1.863028e+000	-3.811074e-003
2.330344815497848e-003	8.752609e-001	8.752609e-001	1.756605e+000	-5.046078e-003
2.350344815497848e-003	8.077416e-001	8.077416e-001	1.622545e+000	-6.208851e-003
2.370344815497848e-003	7.274838e-001	7.274838e-001	1.462965e+000	-7.284949e-003
2.390344815497848e-003	6.357532e-001	6.357532e-001	1.280384e+000	-8.263586e-003
2.410344815497848e-003	5.339963e-001	5.339963e-001	1.077687e+000	-9.140138e-003
2.430344815497848e-003	4.238180e-001	4.238180e-001	8.580830e-001	-9.922265e-003
2.450344815497848e-003	3.069558e-001	3.069558e-001	6.250615e-001	-1.065019e-002
2.460344815497848e-003	2.465908e-001	2.465908e-001	5.046831e-001	-1.103134e-002
2.470344815497848e-003	1.852527e-001	1.852527e-001	3.823886e-001	-1.147912e-002
2.480344815497848e-003	1.231835e-001	1.231835e-001	2.587385e-001	-1.211924e-002
2.490344815497848e-003	6.062811e-002	6.062811e-002	1.344557e-001	-1.327391e-002
2.500344815497848e-003	-2.166538e-003	-2.166538e-003	9.960596e-003	-1.486584e-002
2.505933683774829e-003	-3.727380e-002	-3.727380e-002	-6.016042e-002	-1.518407e-002
2.509245518883789e-003	-5.805864e-002	-5.805864e-002	-1.021952e-001	-1.457347e-002
2.510786389004948e-003	-6.772101e-002	-6.772101e-002	-1.217681e-001	-1.410291e-002
2.511803759467382e-003	-7.409779e-002	-7.409779e-002	-1.346650e-001	-1.387664e-002
2.512821129929815e-003	-8.047093e-002	-8.047093e-002	-1.475421e-001	-1.366515e-002
2.513838500392249e-003	-8.684042e-002	-8.684042e-002	-1.603993e-001	-1.346844e-002
2.514855870854682e-003	-9.320626e-002	-9.320626e-002	-1.732365e-001	-1.328651e-002
2.515873241317116e-003	-9.956845e-002	-9.956845e-002	-1.860539e-001	-1.311935e-002
2.516890611779549e-003	-1.059270e-001	-1.059270e-001	-1.988513e-001	-1.296697e-002
2.517907982241983e-003	-1.122819e-001	-1.122819e-001	-2.116289e-001	-1.282936e-002
2.520004409478225e-003	-1.253607e-001	-1.253607e-001	-2.379122e-001	-1.257905e-002
2.523663812147156e-003	-1.481369e-001	-1.481369e-001	-2.836079e-001	-1.222987e-002
2.529796301025552e-003	-1.861240e-001	-1.861240e-001	-3.597337e-001	-1.178308e-002
2.537031654257586e-003	-2.305830e-001	-2.305830e-001	-4.488039e-001	-1.138691e-002
2.544354596384087e-003	-2.750947e-001	-2.750947e-001	-5.379468e-001	-1.106476e-002
2.552308021821362e-003	-3.227760e-001	-3.227760e-001	-6.333993e-001	-1.075652e-002
2.568947266299292e-003	-4.197850e-001	-4.197850e-001	-8.276685e-001	-1.014856e-002
2.587491817703771e-003	-5.224547e-001	-5.224547e-001	-1.033066e+000	-9.444354e-003
2.607491817703771e-003	-6.252025e-001	-6.252025e-001	-1.238974e+000	-8.602603e-003
2.627491817703771e-003	-7.180905e-001	-7.180905e-001	-1.425263e+000	-7.660246e-003
2.647491817703771e-003	-7.996538e-001	-7.996538e-001	-1.589001e+000	-6.618004e-003
2.667491817703771e-003	-8.686060e-001	-8.686060e-001	-1.727612e+000	-5.484767e-003
2.687491817703771e-003	-9.238598e-001	-9.238598e-001	-1.838910e+000	-4.273809e-003
2.707491817703771e-003	-9.645439e-001	-9.645439e-001	-1.921142e+000	-3.001184e-003
2.727491817703771e-003	-9.900164e-001	-9.900164e-001	-1.973012e+000	-1.684785e-003
2.747491817703771e-003	-9.998758e-001	-9.998758e-001	-1.993703e+000	-3.436842e-004
2.767491817703771e-003	-9.939666e-001	-9.939666e-001	-1.982890e+000	1.002418e-003
2.787491817703772e-003	-9.723819e-001	-9.723819e-001	-1.940744e+000	2.333698e-003
2.807491817703772e-003	-9.354622e-001	-9.354622e-001	-1.867929e+000	3.630704e-003
2.827491817703772e-003	-8.837897e-001	-8.837897e-001	-1.765596e+000	4.874882e-003
2.847491817703772e-003	-8.181792e-001	-8.181792e-001	-1.635359e+000	6.049168e-003
2.867491817703772e-003	-7.396657e-001	-7.396657e-001	-1.479275e+000	7.138763e-003
2.887491817703772e-003	-6.494871e-001	-6.494871e-001	-1.299807e+000	8.132330e-003
2.907491817703772e-003	-5.490658e-001	-5.490658e-001	-1.099791e+000	9.024303e-003
2.927491817703772e-003	-4.399853e-001	-4.399853e-001	-8.823924e-001	9.820368e-003
2.947491817703772e-003	-3.239661e-001	-3.239661e-001	-6.510635e-001	1.055507e-002
2.957491817703772e-003	-2.639226e-001	-2.639226e-001	-5.313274e-001	1.093152e-002
2.967491817703772e-003	-2.028376e-001	-2.028376e-001	-4.095302e-001	1.136001e-002
2.977491817703772e-003	-1.409521e-001	-1.409521e-001	-2.862138e-001	1.194167e-002
2.987491817703772e-003	-7.851035e-002	-7.851035e-002	-1.620546e-001	1.294788e-002
2.997491817703772e-003	-1.575872e-002	-1.575872e-002	-3.759129e-002	1.442220e-002
3.006113673252894e-003	3.840389e-002	3.840389e-002	7.049180e-002	1.495799e-002
3.010864697753000e-003	6.821190e-002	6.821190e-002	1.308000e-001	1.396518e-002
3.012390754260383e-003	7.777479e-002	7.777479e-002	1.501026e-001	1.349324e-002
3.013860522671208e-003	8.697819e-002	8.697819e-002	1.686882e-001	1.335304e-002
3.015329400098047e-003	9.616996e-002	9.616996e-002	1.871913e-001	1.311151e-002
3.016798277524885e-003	1.053518e-001	1.053518e-001	2.056625e-001	1.289263e-002
3.018267154951724e-003	1.145237e-001	1.145237e-001	2.241019e-001	1.269639e-002
3.019736032378563e-003	1.236856e-001	1.236856e-001	2.425095e-001	1.252281e-002
3.021204909805402e-003	1.328376e-001	1.328376e-001	2.608852e-001	1.237188e-002
3.022673787232241e-003	1.419796e-001	1.419796e-001	2.792291e-001	1.224360e-002
3.024142664659080e-003	1.511118e-001	1.511118e-001	2.975412e-001	1.213797e-002
3.029978553401044e-003	1.872489e-001	1.872489e-001	3.699156e-001	1.174199e-002
3.038070132934666e-003	2.369271e-001	2.369271e-001	4.693821e-001	1.132116e-002
3.046341677279538e-003	2.870764e-001	2.870764e-001	5.698172e-001	1.097264e-002
3.063457469065804e-003	3.882345e-001	3.882345e-001	7.722665e-001	1.034280e-002
3.083457469065804e-003	5.006753e-001	5.006753e-001	9.973618e-001	9.598959e-003
3.103457469065804e-003	6.052202e-001	6.052202e-001	1.206843e+000	8.778226e-003
3.123457469065805e-003	7.002204e-001	7.002204e-001	1.397336e+000	7.857298e-003
3.143457469065805e-003	7.841777e-001	7.841777e-001	1.565843e+000	6.835166e-003
3.163457469065805e-003	8.557680e-001	8.557680e-001	1.709710e+000	5.719657e-003
3.183457469065805e-003	9.138624e-001	9.138624e-001	1.826673e+000	4.523396e-003
3.203457469065805e-003	9.575446e-001	9.575446e-001	1.914888e+000	3.262002e-003
3.223457469065805e-003	9.861258e-001	9.861258e-001	1.972964e+000	1.953079e-003
3.243457469065805e-003	9.991552e-001	9.991552e-001	1.999987e+000	6.155245e-004
3.263457469065805e-003	9.964273e-001	9.964273e-001	1.995531e+000	-7.310365e-004
3.283457469065805e-003	9.779851e-001	9.779851e-001	1.959667e+000	-2.066754e-003
3.303457469065805e-003	9.441196e-001	9.441196e-001	1.892962e+000	-3.372049e-003
3.323457469065805e-003	8.953647e-001	8.953647e-001	1.796468e+000	-4.628127e-003
3.343457469065805e-003	8.324894e-001	8.324894e-001	1.671708e+000	-5.817545e-003
3.363457469065805e-003	7.564852e-001	7.564852e-001	1.520651e+000	-6.924929e-003
3.383457469065805e-003	6.685508e-001	6.685508e-001	1.345683e+000	-7.938039e-003
3.403457469065805e-003	5.700729e-001	5.700729e-001	1.149567e+000	-8.849703e-003
3.423457469065805e-003	4.626047e-001	4.626047e-001	9.354044e-001	-9.662211e-003
3.443457469065805e-003	3.478409e-001	3.478409e-001	7.065926e-001	-1.039982e-002
3.453457469065805e-003	2.882850e-001	2.882850e-001	5.878282e-001	-1.076512e-002
3.463457469065805e-003	2.275914e-001	2.275914e-001	4.667980e-001	-1.116027e-002
3.473457469065805e-003	1.659997e-001	1.659997e-001	3.440169e-001	-1.164825e-002
3.483457469065805e-003	1.037527e-001	1.037527e-001	2.200805e-001	-1.240128e-002
3.493457469065806e-003	4.109636e-002	4.109636e-002	9.574301e-002	-1.375005e-002
3.501634431580829e-003	-1.026926e-002	-1.026926e-002	-6.102054e-003	-1.510668e-002
3.506116066343450e-003	-3.841892e-002	-3.841892e-002	-6.243081e-002	-1.526040e-002
3.508068309903222e-003	-5.067297e-002	-5.067297e-002	-8.722000e-002	-1.488136e-002
3.509788947589691e-003	-6.146700e-002	-6.146700e-002	-1.091090e-001	-1.439287e-002
3.510983821685228e-003	-6.895862e-002	-6.895862e-002	-1.242771e-001	-1.408855e-002
3.513166858424941e-003	-8.263548e-002	-8.263548e-002	-1.519107e-001	-1.360241e-002
3.516601577952516e-003	-1.041217e-001	-1.041217e-001	-1.951987e-001	-1.301974e-002
3.519279026760419e-003	-1.208377e-001	-1.208377e-001	-2.288221e-001	-1.266244e-002
3.522062898400511e-003	-1.381817e-001	-1.381817e-001	-2.636608e-001	-1.236551e-002
3.525922570200728e-003	-1.621571e-001	-1.621571e-001	-3.117650e-001	-1.203929e-002
3.530416395922120e-003	-1.899506e-001	-1.899506e-001	-3.674981e-001	-1.173484e-002
3.535172772688223e-003	-2.192025e-001	-2.192025e-001	-4.261233e-001	-1.147224e-002
3.540498206089878e-003	-2.517206e-001	-2.517206e-001	-4.912470e-001	-1.122438e-002
3.553959475977590e-003	-3.325794e-001	-3.325794e-001	-6.531008e-001	-1.069415e-002
3.571910747995681e-003	-4.366113e-001	-4.366113e-001	-8.611227e-001	-1.003961e-002
3.591910747995681e-003	-5.459246e-001	-5.459246e-001	-1.080088e+000	-9.266345e-003
3.611910747995681e-003	-6.466283e-001	-6.466283e-001	-1.281930e+000	-8.403206e-003
3.631910747995681e-003	-7.371343e-001	-7.371343e-001	-1.463477e+000	-7.438335e-003
3.651910747995681e-003	-8.160152e-001	-8.160152e-001	-1.621872e+000	-6.375037e-003
3.671910747995681e-003	-8.820271e-001	-8.820271e-001	-1.754621e+000	-5.223371e-003
3.691910747995681e-003	-9.341289e-001	-9.341289e-001	-1.859633e+000	-3.997331e-003
3.711910747995681e-003	-9.714990e-001	-9.714990e-001	-1.935251e+000	-2.713443e-003
3.731910747995681e-003	-9.935479e-001	-9.935479e-001	-1.980286e+000	-1.389915e-003
3.751910747995681e-003	-9.999279e-001	-9.999279e-001	-1.994027e+000	-4.600189e-005
3.771910747995681e-003	-9.905385e-001	-9.905385e-001	-1.976259e+000	1.298526e-003
3.791910747995681e-003	-9.655278e-001	-9.655278e-001	-1.927262e+000	2.623884e-003
3.811910747995681e-003	-9.252900e-001	-9.252900e-001	-1.847810e+000	3.910773e-003
3.831910747995682e-003	-8.704599e-001	-8.704599e-001	-1.739157e+000	5.140912e-003
3.851910747995682e-003	-8.019022e-001	-8.019022e-001	-1.603017e+000	6.297661e-003
3.871910747995682e-003	-7.206979e-001	-7.206979e-001	-1.441541e+000	7.366860e-003
3.891910747995682e-003	-6.281278e-001	-6.281278e-001	-1.257277e+000	8.338187e-003
3.911910747995681e-003	-5.256518e-001	-5.256518e-001	-1.053137e+000	9.207899e-003
3.931910747995680e-003	-4.148859e-001	-4.148859e-001	-8.323538e-001	9.985679e-003
3.941910747995680e-003	-3.569358e-001	-3.569358e-001	-7.168079e-001	1.035135e-002
3.951910747995680e-003	-2.975770e-001	-2.975770e-001	-5.984393e-001	1.071803e-002
3.961910747995679e-003	-2.370438e-001	-2.370438e-001	-4.777298e-001	1.111101e-002
3.971910747995679e-003	-1.755752e-001	-1.755752e-001	-3.551898e-001	1.158831e-002
3.981910747995678e-003	-1.134136e-001	-1.134136e-001	-2.314027e-001	1.230671e-002
3.991910747995678e-003	-5.080439e-002	-5.080439e-002	-1.071186e-001	1.360097e-002
4.000786155057495e-003	4.939538e-003	4.939538e-003	3.400868e-003	1.505622e-002
4.005496429588733e-003	3.452822e-002	3.452822e-002	6.257950e-002	1.524268e-002
4.007686824430330e-003	4.827897e-002	4.827897e-002	9.039223e-002	1.482538e-002
4.009553410725338e-003	5.998981e-002	5.998981e-002	1.141375e-001	1.429071e-002
4.011741203893409e-003	7.370526e-002	7.370526e-002	1.418768e-001	1.377427e-002
4.015124631746624e-003	9.488789e-002	9.488789e-002	1.845971e-001	1.314147e-002
4.017712644530245e-003	1.110622e-001	1.110622e-001	2.171413e-001	1.277713e-002
4.020140258222190e-003	1.262075e-001	1.262075e-001	2.475577e-001	1.250554e-002
4.024995485606078e-003	1.564064e-001	1.564064e-001	3.081550e-001	1.207186e-002
4.029628360060679e-003	1.850871e-001	1.850871e-001	3.656674e-001	1.175285e-002
4.035246077380280e-003	2.196519e-001	2.196519e-001	4.349544e-001	1.144793e-002
4.045649463280484e-003	2.829074e-001	2.829074e-001	5.616877e-001	1.099673e-002
4.061836286547459e-003	3.788273e-001	3.788273e-001	7.538648e-001	1.040039e-002
4.080182749515453e-003	4.827596e-001	4.827596e-001	9.618686e-001	9.726558e-003
4.099097505354295e-003	5.831882e-001	5.831882e-001	1.162686e+000	8.965624e-003
4.119097505354294e-003	6.804025e-001	6.804025e-001	1.357584e+000	8.066837e-003
4.139097505354294e-003	7.668864e-001	7.668864e-001	1.531122e+000	7.066314e-003
4.159097505354293e-003	8.412759e-001	8.412759e-001	1.680569e+000	5.970212e-003
4.179097505354292e-003	9.023981e-001	9.023981e-001	1.803569e+000	4.790307e-003
4.199097505354291e-003	9.492890e-001	9.492890e-001	1.898185e+000	3.541667e-003
4.219097505354290e-003	9.812089e-001	9.812089e-001	1.962926e+000	2.241531e-003
4.239097505354290e-003	9.976546e-001	9.976546e-001	1.996772e+000	9.085619e-004
4.259097505354289e-003	9.983667e-001	9.983667e-001	1.999190e+000	-4.377277e-004
4.279097505354288e-003	9.833340e-001	9.833340e-001	1.970141e+000	-1.777495e-003
4.299097505354287e-003	9.527935e-001	9.527935e-001	1.910086e+000	-3.091059e-003
4.319097505354286e-003	9.072269e-001	9.072269e-001	1.819972e+000	-4.359410e-003
4.339097505354285e-003	8.473527e-001	8.473527e-001	1.701221e+000	-5.564754e-003
4.359097505354285e-003	7.741154e-001	7.741154e-001	1.555708e+000	-6.691195e-003
4.379097505354284e-003	6.886697e-001	6.886697e-001	1.385729e+000	-7.725685e-003
4.399097505354283e-003	5.923634e-001	5.923634e-001	1.193970e+000	-8.659702e-003
4.419097505354282e-003	4.867150e-001	4.867150e-001	9.834619e-001	-9.492848e-003
4.439097505354281e-003	3.733909e-001	3.733909e-001	7.575404e-001	-1.024260e-002
4.449097505354281e-003	3.144050e-001	3.144050e-001	6.399168e-001	-1.060464e-002
4.459097505354281e-003	2.541783e-001	2.541783e-001	5.198132e-001	-1.098152e-002
4.469097505354280e-003	1.929484e-001	1.929484e-001	3.977288e-001	-1.141645e-002
4.479097505354280e-003	1.309570e-001	1.309570e-001	2.742134e-001	-1.202064e-002
4.489097505354279e-003	6.844883e-002	6.844883e-002	1.499646e-001	-1.308931e-002
4.499097505354279e-003	5.670511e-003	5.670511e-003	2.549492e-002	-1.464220e-002
4.505946162040195e-003	-3.735215e-002	-3.735215e-002	-6.037426e-002	-1.506461e-002
4.510677617561249e-003	-6.703913e-002	-6.703913e-002	-1.204051e-001	-1.416876e-002
4.512170938041907e-003	-7.639775e-002	-7.639775e-002	-1.393175e-001	-1.372017e-002
4.512904950088918e-003	-8.099560e-002	-8.099560e-002	-1.486049e-001	-1.359943e-002
4.513638962135930e-003	-8.559149e-002	-8.559149e-002	-1.578820e-001	-1.348013e-002
4.514372974182940e-003	-9.018542e-002	-9.018542e-002	-1.671487e-001	-1.336225e-002
4.515106986229952e-003	-9.477739e-002	-9.477739e-002	-1.764050e-001	-1.324580e-002
4.515840998276962e-003	-9.936740e-002	-9.936740e-002	-1.856510e-001	-1.313078e-002
4.516575010323974e-003	-1.039554e-001	-1.039554e-001	-1.948866e-001	-1.301719e-002
4.517309022370984e-003	-1.085415e-001	-1.085415e-001	-2.041119e-001	-1.290503e-002
4.520725649758414e-003	-1.298553e-001	-1.298553e-001	-2.469510e-001	-1.249663e-002
4.523834445724503e-003	-1.491971e-001	-1.491971e-001	-2.857533e-001	-1.221011e-002
4.529493932990086e-003	-1.842570e-001	-1.842570e-001	-3.559865e-001	-1.180317e-002
4.537406691915387e-003	-2.328753e-001	-2.328753e-001	-4.533439e-001	-1.137160e-002
4.545516619279621e-003	-2.821068e-001	-2.821068e-001	-5.519493e-001	-1.101820e-002
4.553679731520431e-003	-3.309213e-001	-3.309213e-001	-6.496978e-001	-1.070561e-002
4.572115980754309e-003	-4.377711e-001	-4.377711e-001	-8.634454e-001	-1.003191e-002
4.592115980754308e-003	-5.470045e-001	-5.470045e-001	-1.082252e+000	-9.258029e-003
4.612115980754308e-003	-6.476114e-001	-6.476114e-001	-1.283901e+000	-8.393844e-003
4.632115980754307e-003	-7.380050e-001	-7.380050e-001	-1.465225e+000	-7.427920e-003
4.652115980754306e-003	-8.167599e-001	-8.167599e-001	-1.623369e+000	-6.363651e-003
4.672115980754305e-003	-8.826340e-001	-8.826340e-001	-1.755843e+000	-5.211143e-003
4.692115980754304e-003	-9.345884e-001	-9.345884e-001	-1.860560e+000	-3.984421e-003
4.712115980754304e-003	-9.718038e-001	-9.718038e-001	-1.935871e+000	-2.700031e-003
4.732115980754303e-003	-9.936933e-001	-9.936933e-001	-1.980587e+000	-1.376195e-003
4.752115980754302e-003	-9.999116e-001	-9.999116e-001	-1.994005e+000	-3.217392e-005
4.772115980754301e-003	-9.903607e-001	-9.903607e-001	-1.975914e+000	1.312257e-003
4.792115980754300e-003	-9.651913e-001	-9.651913e-001	-1.926600e+000	2.637318e-003
4.812115980754299e-003	-9.248002e-001	-9.248002e-001	-1.846841e+000	3.923715e-003
4.832115980754299e-003	-8.698245e-001	-8.698245e-001	-1.737896e+000	5.153182e-003
4.852115980754298e-003	-8.011311e-001	-8.011311e-001	-1.601485e+000	6.309099e-003
4.872115980754297e-003	-7.198033e-001	-7.198033e-001	-1.439761e+000	7.377338e-003
4.892115980754296e-003	-6.271239e-001	-6.271239e-001	-1.255277e+000	8.347627e-003
4.912115980754295e-003	-5.245544e-001	-5.245544e-001	-1.050950e+000	9.216313e-003
4.932115980754295e-003	-4.137123e-001	-4.137123e-001	-8.300139e-001	9.993287e-003
4.942115980754294e-003	-3.557309e-001	-3.557309e-001	-7.144054e-001	1.035879e-002
4.952115980754294e-003	-2.963457e-001	-2.963457e-001	-5.959839e-001	1.072569e-002
4.962115980754293e-003	-2.357909e-001	-2.357909e-001	-4.752315e-001	1.111967e-002
4.972115980754293e-003	-1.743055e-001	-1.743055e-001	-3.526596e-001	1.159982e-002
4.982115980754293e-003	-1.121323e-001	-1.121323e-001	-2.288541e-001	1.232622e-002
4.992115980754292e-003	-4.951650e-002	-4.951650e-002	-1.045653e-001	1.362227e-002
5.000000000000000e-003	-1.224647e-015	-1.224647e-015	-6.668434e-003	1.520660e-002
