time	V(vin)	V(vout)	V(n002)
0.000000000000000e+000	0.000000e+000	8.943978e+000	3.152111e+000
3.006919653541576e-006	1.890677e-001	8.943979e+000	3.152268e+000
6.013839307083153e-006	3.779062e-001	8.943980e+000	3.152424e+000
9.020758960624730e-006	5.665154e-001	8.943981e+000	3.152581e+000
1.202767861416631e-005	7.548955e-001	8.943982e+000	3.152737e+000
1.503459826770788e-005	9.430464e-001	8.943983e+000	3.152893e+000
1.804151792124946e-005	1.130968e+000	8.943984e+000	3.153048e+000
2.104843757479103e-005	1.318660e+000	8.943985e+000	3.153204e+000
3.011651793193389e-005	1.885402e+000	8.943988e+000	3.153673e+000
3.918459828907675e-005	2.441612e+000	8.943990e+000	3.154134e+000
4.825267864621961e-005	2.987291e+000	8.943993e+000	3.154586e+000
5.732075900336247e-005	3.522440e+000	8.943996e+000	3.155029e+000
6.638883936050532e-005	4.047058e+000	8.943999e+000	3.155464e+000
7.545691971764820e-005	4.561146e+000	8.944001e+000	3.155890e+000
8.452500007479103e-005	5.064703e+000	8.944004e+000	3.156307e+000
9.429062507479103e-005	5.583914e+000	8.944004e+000	3.156737e+000
1.046666016372910e-004	6.112505e+000	8.942065e+000	3.156857e+000
1.058873047622910e-004	6.173027e+000	8.938233e+000	3.156276e+000
1.065943469511713e-004	6.207916e+000	8.933516e+000	3.155528e+000
1.072938824154288e-004	6.242314e+000	8.924392e+000	3.154053e+000
1.080323624010497e-004	6.278496e+000	8.906007e+000	3.151048e+000
1.088599602748128e-004	6.318884e+000	8.868784e+000	3.144922e+000
1.092798507446429e-004	6.339310e+000	8.829693e+000	3.138453e+000
1.097519874757823e-004	6.362225e+000	8.744841e+000	3.124373e+000
1.101911158978479e-004	6.383488e+000	8.615714e+000	3.102917e+000
1.106813061655611e-004	6.407166e+000	8.419157e+000	3.070237e+000
1.113542408147210e-004	6.439572e+000	8.097476e+000	3.016740e+000
1.120271754638809e-004	6.471862e+000	7.773858e+000	2.962920e+000
1.127001101130409e-004	6.504036e+000	7.448304e+000	2.908778e+000
1.133730447622008e-004	6.536093e+000	7.120813e+000	2.854314e+000
1.140459794113607e-004	6.568034e+000	6.791386e+000	2.799526e+000
1.147189140605206e-004	6.599859e+000	6.460022e+000	2.744417e+000
1.153918487096806e-004	6.631567e+000	6.126721e+000	2.688984e+000
1.195891374456422e-004	6.826630e+000	4.081240e+000	2.348796e+000
1.244719499456422e-004	7.047568e+000	1.717782e+000	1.955722e+000
1.266731343906043e-004	7.145011e+000	6.596997e-001	1.779748e+000
1.277897811420286e-004	7.193922e+000	1.935839e-001	1.702231e+000
1.285043824000948e-004	7.225037e+000	4.641681e-002	1.677769e+000
1.294270577677023e-004	7.264996e+000	2.518871e-002	1.674270e+000
1.300249108373401e-004	7.290758e+000	2.516958e-002	1.674289e+000
1.307408780175206e-004	7.321473e+000	2.241628e-002	1.673856e+000
1.317403340132303e-004	7.364103e+000	2.303002e-002	1.673993e+000
1.329810656406219e-004	7.416620e+000	2.255132e-002	1.673957e+000
1.354625288954051e-004	7.520298e+000	2.270448e-002	1.674068e+000
1.390348283382533e-004	7.666336e+000	2.262477e-002	1.674175e+000
1.536832658382534e-004	8.224020e+000	2.261389e-002	1.674634e+000
1.683317033382534e-004	8.712088e+000	2.258813e-002	1.675034e+000
1.829801408382534e-004	9.126406e+000	2.257426e-002	1.675375e+000
1.976285783382534e-004	9.463468e+000	2.255191e-002	1.675650e+000
2.122770158382534e-004	9.720419e+000	2.254017e-002	1.675860e+000
2.269254533382534e-004	9.895085e+000	2.253575e-002	1.676004e+000
2.415738908382534e-004	9.985989e+000	2.253260e-002	1.676079e+000
2.562223283382534e-004	9.992358e+000	2.252783e-002	1.676084e+000
2.708707658382534e-004	9.914142e+000	2.252339e-002	1.676018e+000
2.855192033382534e-004	9.751999e+000	2.251815e-002	1.675883e+000
3.001676408382535e-004	9.507305e+000	2.251253e-002	1.675679e+000
3.148160783382535e-004	9.182130e+000	2.250642e-002	1.675409e+000
3.294645158382535e-004	8.779226e+000	2.249951e-002	1.675075e+000
3.441129533382535e-004	8.302005e+000	2.249223e-002	1.674679e+000
3.587613908382535e-004	7.754506e+000	2.248396e-002	1.674224e+000
3.734098283382535e-004	7.141363e+000	2.247541e-002	1.673715e+000
3.880582658382535e-004	6.467768e+000	2.246584e-002	1.673156e+000
4.027067033382535e-004	5.739422e+000	2.245608e-002	1.672552e+000
4.173551408382536e-004	4.962491e+000	2.244091e-002	1.671906e+000
4.320035783382536e-004	4.143551e+000	2.241978e-002	1.671225e+000
4.368863908382536e-004	3.862425e+000	2.268096e-002	1.671035e+000
4.417692033382536e-004	3.577664e+000	2.363475e-002	1.670957e+000
4.423795549007536e-004	3.541827e+000	2.474540e-002	1.671110e+000
4.436002580257535e-004	3.469996e+000	3.050173e-002	1.671998e+000
4.441922685347899e-004	3.435086e+000	3.649312e-002	1.672955e+000
4.447578164284031e-004	3.401693e+000	4.816875e-002	1.674852e+000
4.455040189939651e-004	3.357566e+000	7.630932e-002	1.679464e+000
4.460505161855554e-004	3.325202e+000	1.171641e-001	1.686207e+000
4.464862650895426e-004	3.299369e+000	1.832213e-001	1.697157e+000
4.469112447956265e-004	3.274150e+000	2.955412e-001	1.715811e+000
4.473569909918796e-004	3.247674e+000	4.639268e-001	1.743801e+000
4.479120674558594e-004	3.214668e+000	7.140167e-001	1.785384e+000
4.484341973702019e-004	3.183586e+000	9.633172e-001	1.826839e+000
4.489235439705721e-004	3.154424e+000	1.199337e+000	1.866086e+000
4.498173095814857e-004	3.101085e+000	1.629313e+000	1.937586e+000
4.516048408033129e-004	2.994115e+000	2.490338e+000	2.080764e+000
4.551799032469671e-004	2.779054e+000	4.224786e+000	2.369182e+000
4.600627157469671e-004	2.483082e+000	6.573286e+000	2.759705e+000
4.649455282469671e-004	2.184772e+000	8.593470e+000	3.095598e+000
4.667913592407726e-004	2.071453e+000	8.929700e+000	3.151450e+000
4.709386490723317e-004	1.815487e+000	8.935567e+000	3.152215e+000
4.750859389038907e-004	1.558701e+000	8.940109e+000	3.152758e+000
4.792332287354498e-004	1.301094e+000	8.943326e+000	3.153080e+000
4.833805185670088e-004	1.042666e+000	8.945217e+000	3.153180e+000
4.875278083985678e-004	7.834172e-001	8.945783e+000	3.153060e+000
4.916750982301268e-004	5.233475e-001	8.945023e+000	3.152718e+000
4.958223880616859e-004	2.624570e-001	8.942938e+000	3.152156e+000
5.055880130616859e-004	-3.510331e-001	8.943097e+000	3.151674e+000
5.104708255616859e-004	-6.574269e-001	8.943178e+000	3.151434e+000
5.153536380616859e-004	-9.632019e-001	8.942440e+000	3.151069e+000
5.202364505616859e-004	-1.268070e+000	8.939400e+000	3.150370e+000
5.243095609189544e-004	-1.521483e+000	8.930197e+000	3.148744e+000
5.285075153046492e-004	-1.781618e+000	8.917335e+000	3.146552e+000
5.324142757730146e-004	-2.022598e+000	8.892122e+000	3.142322e+000
5.417777505154459e-004	-2.594932e+000	8.763830e+000	3.120908e+000
5.455765348040137e-004	-2.824679e+000	8.546927e+000	3.084793e+000
5.496567730946558e-004	-3.069653e+000	7.985355e+000	2.991328e+000
5.545395855946558e-004	-3.360147e+000	6.834232e+000	2.799764e+000
5.576643994470209e-004	-3.544409e+000	5.664932e+000	2.605187e+000
5.615115736148964e-004	-3.769384e+000	3.595354e+000	2.260810e+000
5.643134807922114e-004	-3.931854e+000	1.665754e+000	1.939729e+000
5.653839259625710e-004	-3.993606e+000	7.845898e-001	1.793107e+000
5.660045404394178e-004	-4.029325e+000	2.615263e-001	1.706071e+000
5.663653922325946e-004	-4.050066e+000	2.634091e-002	1.666937e+000
5.664177382778338e-004	-4.053073e+000	1.139766e-002	1.664451e+000
5.665224303683120e-004	-4.059086e+000	6.575229e-003	1.663648e+000
5.667318145492685e-004	-4.071105e+000	3.788144e-003	1.663183e+000
5.671505829111816e-004	-4.095124e+000	2.573021e-003	1.662978e+000
5.687784553575770e-004	-4.188221e+000	-7.508789e-004	1.662417e+000
5.709489519527709e-004	-4.311666e+000	-4.960560e-003	1.661705e+000
5.752899451431587e-004	-4.556129e+000	-1.281772e-002	1.660376e+000
5.801727576431587e-004	-4.827046e+000	-2.089256e-002	1.659008e+000
5.850555701431587e-004	-5.093419e+000	-2.820177e-002	1.657768e+000
5.899383826431587e-004	-5.354999e+000	-3.482104e-002	1.656644e+000
5.948211951431587e-004	-5.611538e+000	-4.085258e-002	1.655617e+000
5.997040076431587e-004	-5.862796e+000	-4.636650e-002	1.654678e+000
6.045868201431587e-004	-6.108537e+000	-5.142844e-002	1.653815e+000
6.094696326431587e-004	-6.348528e+000	-5.608823e-002	1.653019e+000
6.143524451431588e-004	-6.582544e+000	-6.039025e-002	1.652283e+000
6.192352576431588e-004	-6.810365e+000	-6.437029e-002	1.651601e+000
6.241180701431588e-004	-7.031776e+000	-6.805936e-002	1.650969e+000
6.290008826431588e-004	-7.246570e+000	-7.148369e-002	1.650381e+000
6.338836951431588e-004	-7.454543e+000	-7.466555e-002	1.649834e+000
6.436493201431588e-004	-7.849251e+000	-8.037707e-002	1.648850e+000
6.582977576431588e-004	-8.385489e+000	-8.753382e-002	1.647614e+000
6.729461951431588e-004	-8.850740e+000	-9.326011e-002	1.646623e+000
6.875946326431588e-004	-9.241069e+000	-9.774843e-002	1.645844e+000
7.022430701431588e-004	-9.553171e+000	-1.011793e-001	1.645247e+000
7.120086951431588e-004	-9.716447e+000	-1.029215e-001	1.644943e+000
7.217743201431588e-004	-9.843152e+000	-1.042491e-001	1.644712e+000
7.315399451431589e-004	-9.932810e+000	-1.051775e-001	1.644550e+000
7.413055701431589e-004	-9.985083e+000	-1.057173e-001	1.644456e+000
7.510711951431589e-004	-9.999773e+000	-1.058742e-001	1.644429e+000
7.608368201431589e-004	-9.976828e+000	-1.056502e-001	1.644468e+000
7.706024451431589e-004	-9.916331e+000	-1.050426e-001	1.644574e+000
7.803680701431589e-004	-9.818513e+000	-1.040448e-001	1.644748e+000
7.901336951431589e-004	-9.683739e+000	-1.026455e-001	1.644992e+000
7.998993201431589e-004	-9.512518e+000	-1.008284e-001	1.645308e+000
8.145477576431589e-004	-9.188794e+000	-9.727550e-002	1.645926e+000
8.291961951431589e-004	-8.787286e+000	-9.265109e-002	1.646729e+000
8.438446326431590e-004	-8.311391e+000	-8.676839e-002	1.647748e+000
8.584930701431590e-004	-7.765140e+000	-7.942536e-002	1.649015e+000
8.682586951431590e-004	-7.364144e+000	-7.356600e-002	1.650024e+000
8.731415076431590e-004	-7.153154e+000	-7.030085e-002	1.650585e+000
8.780243201431590e-004	-6.935432e+000	-6.678604e-002	1.651188e+000
8.829071326431590e-004	-6.711183e+000	-6.299755e-002	1.651838e+000
8.877899451431590e-004	-6.480617e+000	-5.890823e-002	1.652538e+000
8.926727576431590e-004	-6.243951e+000	-5.448483e-002	1.653294e+000
8.975555701431590e-004	-6.001410e+000	-4.968987e-002	1.654113e+000
9.024383826431590e-004	-5.753220e+000	-4.447610e-002	1.655002e+000
9.073211951431590e-004	-5.499615e+000	-3.879073e-002	1.655970e+000
9.122040076431590e-004	-5.240834e+000	-3.256474e-002	1.657029e+000
9.170868201431590e-004	-4.977120e+000	-2.572309e-002	1.658190e+000
9.219696326431590e-004	-4.708723e+000	-1.815642e-002	1.659473e+000
9.268524451431590e-004	-4.435893e+000	-9.755734e-003	1.660895e+000
9.317352576431590e-004	-4.158889e+000	-3.692850e-004	1.662483e+000
9.366180701431590e-004	-3.877970e+000	1.013977e-002	1.664257e+000
9.415008826431590e-004	-3.593402e+000	2.205545e-002	1.666267e+000
9.463836951431590e-004	-3.305452e+000	3.565392e-002	1.668557e+000
9.512665076431590e-004	-3.014391e+000	5.233061e-002	1.671361e+000
9.561493201431591e-004	-2.720492e+000	7.843495e-002	1.675735e+000
9.610321326431591e-004	-2.424034e+000	1.600948e-001	1.689355e+000
9.659149451431591e-004	-2.125293e+000	4.045575e-001	1.730066e+000
9.698801761336064e-004	-1.881208e+000	8.432328e-001	1.803090e+000
9.735526577752038e-004	-1.654098e+000	1.526007e+000	1.916732e+000
9.762205080545386e-004	-1.488557e+000	2.251641e+000	2.037504e+000
9.792696746417269e-004	-1.298845e+000	3.362310e+000	2.222373e+000
9.828375148873126e-004	-1.076262e+000	4.921613e+000	2.481951e+000
9.856592482310655e-004	-8.998372e-001	6.267513e+000	2.706028e+000
9.884788012985220e-004	-7.232662e-001	7.647219e+000	2.935744e+000
9.906451896337068e-004	-5.874417e-001	8.595748e+000	3.093683e+000
9.918804547573033e-004	-5.099448e-001	8.937173e+000	3.150557e+000
9.952841189223482e-004	-2.960476e-001	8.940885e+000	3.151352e+000
9.986877830873932e-004	-8.225007e-002	8.943687e+000	3.151995e+000
1.002091447252438e-003	1.314478e-001	8.945579e+000	3.152486e+000
1.005495111417483e-003	3.450460e-001	8.946562e+000	3.152827e+000
1.008898775582528e-003	5.585446e-001	8.946634e+000	3.153015e+000
1.012302439747573e-003	7.719434e-001	8.945797e+000	3.153053e+000
1.015706103912618e-003	9.852427e-001	8.944050e+000	3.152939e+000
1.024076639626903e-003	1.510524e+000	8.944043e+000	3.153372e+000
1.032447175341189e-003	2.028113e+000	8.944037e+000	3.153800e+000
1.040817711055474e-003	2.538009e+000	8.944033e+000	3.154221e+000
1.049188246769760e-003	3.040212e+000	8.944029e+000	3.154636e+000
1.057558782484046e-003	3.534722e+000	8.944026e+000	3.155045e+000
1.065929318198331e-003	4.021540e+000	8.944025e+000	3.155447e+000
1.074299853912617e-003	4.500665e+000	8.944024e+000	3.155844e+000
1.088948291412616e-003	5.302358e+000	8.944023e+000	3.156507e+000
1.105637276731572e-003	6.160660e+000	8.940022e+000	3.156560e+000
1.106336893126643e-003	6.195226e+000	8.935716e+000	3.155880e+000
1.107269714986737e-003	6.241128e+000	8.923808e+000	3.153955e+000
1.108143057905335e-003	6.283908e+000	8.901697e+000	3.150340e+000
1.108935403308504e-003	6.322557e+000	8.863060e+000	3.143976e+000
1.109344581172901e-003	6.342455e+000	8.821376e+000	3.137075e+000
1.109797854854023e-003	6.364449e+000	8.734043e+000	3.122580e+000
1.110234775040778e-003	6.385599e+000	8.600117e+000	3.100324e+000
1.111163889029012e-003	6.430416e+000	8.195464e+000	3.033037e+000
1.113282417471766e-003	6.531784e+000	7.159057e+000	2.860673e+000
1.115371887209890e-003	6.630628e+000	6.135786e+000	2.690491e+000
1.119550826686137e-003	6.824871e+000	4.099147e+000	2.351774e+000
1.124433639186137e-003	7.045860e+000	1.735560e+000	1.958678e+000
1.126660030639832e-003	7.144435e+000	6.648923e-001	1.780611e+000
1.127779992014617e-003	7.193495e+000	1.960107e-001	1.702634e+000
1.128495407767127e-003	7.224647e+000	4.735577e-002	1.677925e+000
1.129423419313612e-003	7.264839e+000	2.514379e-002	1.674263e+000
1.130020365108755e-003	7.290562e+000	2.511980e-002	1.674280e+000
1.130738642898430e-003	7.321378e+000	2.241049e-002	1.673855e+000
1.131750852164196e-003	7.364550e+000	2.301488e-002	1.673991e+000
1.133003559171025e-003	7.417568e+000	2.255058e-002	1.673958e+000
1.135508973184684e-003	7.522221e+000	2.270174e-002	1.674069e+000
1.139138945404203e-003	7.670534e+000	2.262378e-002	1.674178e+000
1.153787382904203e-003	8.227740e+000	2.261247e-002	1.674637e+000
1.168435820404202e-003	8.715298e+000	2.258704e-002	1.675036e+000
1.183084257904202e-003	9.129078e+000	2.257342e-002	1.675377e+000
1.197732695404202e-003	9.465579e+000	2.255144e-002	1.675651e+000
1.212381132904201e-003	9.721953e+000	2.253994e-002	1.675862e+000
1.227029570404201e-003	9.896029e+000	2.253552e-002	1.676005e+000
1.241678007904201e-003	9.986333e+000	2.253239e-002	1.676079e+000
1.256326445404200e-003	9.992101e+000	2.252764e-002	1.676083e+000
1.270974882904200e-003	9.913283e+000	2.252323e-002	1.676017e+000
1.285623320404200e-003	9.750549e+000	2.251801e-002	1.675882e+000
1.300271757904199e-003	9.505275e+000	2.251241e-002	1.675678e+000
1.314920195404199e-003	9.179537e+000	2.250631e-002	1.675407e+000
1.329568632904199e-003	8.776092e+000	2.249940e-002	1.675072e+000
1.344217070404199e-003	8.298356e+000	2.249214e-002	1.674676e+000
1.358865507904198e-003	7.750373e+000	2.248387e-002	1.674221e+000
1.373513945404198e-003	7.136782e+000	2.247532e-002	1.673711e+000
1.388162382904198e-003	6.462777e+000	2.246575e-002	1.673152e+000
1.402810820404197e-003	5.734064e+000	2.245599e-002	1.672547e+000
1.417459257904197e-003	4.956810e+000	2.244088e-002	1.671901e+000
1.432107695404197e-003	4.137597e+000	2.242001e-002	1.671220e+000
1.436990507904197e-003	3.856390e+000	2.271356e-002	1.671036e+000
1.441873320404196e-003	3.571554e+000	2.597666e-002	1.671337e+000
1.443743603078009e-003	3.461548e+000	3.093258e-002	1.672063e+000
1.443813716801136e-003	3.457414e+000	3.129597e-002	1.672119e+000
1.443893846770423e-003	3.452690e+000	3.196722e-002	1.672225e+000
1.444054106708998e-003	3.443238e+000	3.374673e-002	1.672510e+000
1.444374626586149e-003	3.424323e+000	3.895267e-002	1.673351e+000
1.445015666340449e-003	3.386453e+000	5.785520e-002	1.676440e+000
1.445904570837761e-003	3.333849e+000	1.050062e-001	1.684198e+000
1.446276742241998e-003	3.311794e+000	1.452666e-001	1.690860e+000
1.446654416349099e-003	3.289393e+000	2.227760e-001	1.703723e+000
1.447094626925229e-003	3.263261e+000	3.633132e-001	1.727075e+000
1.447596980696558e-003	3.233409e+000	5.706264e-001	1.761541e+000
1.447943632156110e-003	3.212790e+000	7.313223e-001	1.788261e+000
1.448433589601689e-003	3.183622e+000	9.669289e-001	1.827440e+000
1.448948360250002e-003	3.152945e+000	1.215107e+000	1.868709e+000
1.449977901546628e-003	3.091491e+000	1.710354e+000	1.951063e+000
1.451860823394588e-003	2.978765e+000	2.617810e+000	2.101961e+000
1.455626667090510e-003	2.752078e+000	4.446313e+000	2.406019e+000
1.460509479590510e-003	2.455880e+000	6.814467e+000	2.799813e+000
1.464737701435019e-003	2.197513e+000	8.602358e+000	3.097088e+000
1.466429193304328e-003	2.093709e+000	8.924748e+000	3.150645e+000
1.470474979530527e-003	1.844160e+000	8.933325e+000	3.151865e+000
1.474520765756726e-003	1.593800e+000	8.939911e+000	3.152754e+000
1.478566551982926e-003	1.342628e+000	8.944507e+000	3.153311e+000
1.482612338209125e-003	1.090644e+000	8.947114e+000	3.153536e+000
1.486658124435324e-003	8.378497e-001	8.947730e+000	3.153429e+000
1.490703910661523e-003	5.842437e-001	8.946356e+000	3.152991e+000
1.494749696887722e-003	3.298264e-001	8.942992e+000	3.152220e+000
1.504515321887722e-003	-2.836680e-001	8.943153e+000	3.151739e+000
1.509398134387722e-003	-5.901591e-001	8.943235e+000	3.151499e+000
1.514280946887722e-003	-8.960947e-001	8.942903e+000	3.151196e+000
1.519163759387722e-003	-1.201187e+000	8.940915e+000	3.150653e+000
1.522848003899901e-003	-1.430657e+000	8.934329e+000	3.149456e+000
1.526841312381684e-003	-1.678506e+000	8.923768e+000	3.147640e+000
1.530387464116660e-003	-1.897721e+000	8.908814e+000	3.145117e+000
1.539200013570273e-003	-2.438182e+000	8.832122e+000	3.132288e+000
1.543279769810636e-003	-2.685956e+000	8.660347e+000	3.103679e+000
1.547650816066832e-003	-2.949459e+000	8.237558e+000	3.033304e+000
1.551948964499321e-003	-3.206399e+000	7.478958e+000	2.907055e+000
1.555721011947874e-003	-3.429969e+000	6.377637e+000	2.723785e+000
1.559345844365536e-003	-3.642999e+000	4.797996e+000	2.460929e+000
1.562486404512846e-003	-3.826045e+000	2.888634e+000	2.143214e+000
1.565549979341332e-003	-4.003169e+000	6.085439e-001	1.763814e+000
1.566277816158220e-003	-4.045034e+000	6.196176e-002	1.672865e+000
1.566314358928640e-003	-4.047134e+000	4.283429e-002	1.669682e+000
1.566387444469480e-003	-4.051333e+000	2.453910e-002	1.666637e+000
1.566533615551159e-003	-4.059728e+000	9.081406e-003	1.664064e+000
1.566786582828523e-003	-4.074248e+000	3.453900e-003	1.663127e+000
1.567052439916597e-003	-4.089498e+000	2.770262e-003	1.663012e+000
1.568521375394086e-003	-4.173548e+000	-2.328447e-004	1.662504e+000
1.570479956030737e-003	-4.285060e+000	-4.071235e-003	1.661855e+000
1.574397117304039e-003	-4.506121e+000	-1.125921e-002	1.660639e+000
1.579279929804039e-003	-4.777841e+000	-1.947448e-002	1.659248e+000
1.584162742304039e-003	-5.045063e+000	-2.691985e-002	1.657985e+000
1.589045554804039e-003	-5.307538e+000	-3.365721e-002	1.656841e+000
1.593928367304039e-003	-5.565017e+000	-3.979035e-002	1.655798e+000
1.598811179804039e-003	-5.817259e+000	-4.539377e-002	1.654844e+000
1.603693992304039e-003	-6.064026e+000	-5.053429e-002	1.653967e+000
1.608576804804039e-003	-6.305085e+000	-5.526410e-002	1.653160e+000
1.613459617304038e-003	-6.540210e+000	-5.962867e-002	1.652413e+000
1.618342429804038e-003	-6.769180e+000	-6.366511e-002	1.651722e+000
1.623225242304038e-003	-6.991779e+000	-6.740532e-002	1.651081e+000
1.628108054804038e-003	-7.207798e+000	-7.087627e-002	1.650485e+000
1.632990867304038e-003	-7.417033e+000	-7.410093e-002	1.649931e+000
1.642756492304038e-003	-7.814370e+000	-7.988849e-002	1.648934e+000
1.657404929804038e-003	-8.354793e+000	-8.714107e-002	1.647682e+000
1.672053367304037e-003	-8.824491e+000	-9.294780e-002	1.646677e+000
1.686701804804037e-003	-9.219487e+000	-9.750533e-002	1.645886e+000
1.701350242304037e-003	-9.536439e+000	-1.009987e-001	1.645278e+000
1.711115867304036e-003	-9.703030e+000	-1.027797e-001	1.644968e+000
1.720881492304036e-003	-9.833100e+000	-1.041445e-001	1.644730e+000
1.730647117304036e-003	-9.926161e+000	-1.051089e-001	1.644562e+000
1.740412742304036e-003	-9.981862e+000	-1.056839e-001	1.644462e+000
1.750178367304036e-003	-9.999993e+000	-1.058757e-001	1.644428e+000
1.759943992304035e-003	-9.980488e+000	-1.056865e-001	1.644462e+000
1.769709617304035e-003	-9.923417e+000	-1.051143e-001	1.644561e+000
1.779475242304035e-003	-9.828998e+000	-1.041525e-001	1.644729e+000
1.789240867304035e-003	-9.697583e+000	-1.027905e-001	1.644967e+000
1.799006492304035e-003	-9.529670e+000	-1.010124e-001	1.645276e+000
1.813654929804034e-003	-9.210782e+000	-9.752235e-002	1.645884e+000
1.828303367304034e-003	-8.813924e+000	-9.296768e-002	1.646674e+000
1.842951804804034e-003	-8.342455e+000	-8.716611e-002	1.647679e+000
1.857600242304033e-003	-7.800364e+000	-7.991999e-002	1.648930e+000
1.867365867304033e-003	-7.401980e+000	-7.413766e-002	1.649926e+000
1.872248679804033e-003	-7.192243e+000	-7.091591e-002	1.650479e+000
1.877131492304033e-003	-6.975737e+000	-6.744841e-002	1.651075e+000
1.882014304804033e-003	-6.752665e+000	-6.371191e-002	1.651715e+000
1.886897117304033e-003	-6.523238e+000	-5.967986e-002	1.652406e+000
1.891779929804033e-003	-6.287672e+000	-5.532025e-002	1.653151e+000
1.896662742304032e-003	-6.046187e+000	-5.059638e-002	1.653958e+000
1.901545554804032e-003	-5.799013e+000	-4.546305e-002	1.654834e+000
1.906428367304032e-003	-5.546381e+000	-3.986841e-002	1.655787e+000
1.911311179804032e-003	-5.288528e+000	-3.374691e-002	1.656828e+000
1.916193992304032e-003	-5.025698e+000	-2.702432e-002	1.657969e+000
1.921076804804032e-003	-4.758138e+000	-1.959795e-002	1.659229e+000
1.925959617304032e-003	-4.486100e+000	-1.135839e-002	1.660624e+000
1.930842429804032e-003	-4.209840e+000	-2.165856e-003	1.662179e+000
1.935725242304032e-003	-3.929617e+000	8.124257e-003	1.663917e+000
1.940608054804032e-003	-3.645696e+000	1.975790e-002	1.665879e+000
1.945490867304031e-003	-3.358344e+000	3.300789e-002	1.668112e+000
1.950373679804031e-003	-3.067832e+000	4.890610e-002	1.670786e+000
1.955256492304031e-003	-2.774431e+000	7.185275e-002	1.674634e+000
1.960139304804031e-003	-2.478420e+000	1.383833e-001	1.685736e+000
1.965022117304031e-003	-2.180076e+000	3.406762e-001	1.719430e+000
1.968967874438419e-003	-1.937475e+000	7.166112e-001	1.782013e+000
1.972631099889159e-003	-1.711176e+000	1.325482e+000	1.883357e+000
1.975483342724978e-003	-1.534342e+000	2.046640e+000	2.003384e+000
1.979015806221997e-003	-1.314659e+000	3.282039e+000	2.209013e+000
1.982826510684726e-003	-1.076949e+000	4.920399e+000	2.481750e+000
1.985745519650724e-003	-8.944385e-001	6.308868e+000	2.712914e+000
1.988673833396098e-003	-7.110435e-001	7.741566e+000	2.951452e+000
1.990736537360768e-003	-5.817119e-001	8.632029e+000	3.099724e+000
1.991949335508521e-003	-5.056225e-001	8.896881e+000	3.143856e+000
1.993455446947628e-003	-4.110905e-001	8.941669e+000	3.151387e+000
1.995631679934147e-003	-2.743838e-001	8.942470e+000	3.151633e+000
1.997807912920665e-003	-1.376855e-001	8.943093e+000	3.151850e+000
1.999984145907184e-003	-9.956190e-004	8.943536e+000	3.152037e+000
2.002160378893703e-003	1.356858e-001	8.943800e+000	3.152194e+000
2.004336611880222e-003	2.723589e-001	8.943884e+000	3.152321e+000
2.006512844866740e-003	4.090235e-001	8.943790e+000	3.152419e+000
2.008689077853259e-003	5.456797e-001	8.943516e+000	3.152486e+000
2.015664524281831e-003	9.847072e-001	8.943540e+000	3.152854e+000
2.022639970710402e-003	1.419777e+000	8.943574e+000	3.153219e+000
2.029615417138973e-003	1.850889e+000	8.943616e+000	3.153583e+000
2.036590863567544e-003	2.278043e+000	8.943668e+000	3.153945e+000
2.043566309996116e-003	2.701240e+000	8.943728e+000	3.154305e+000
2.050541756424687e-003	3.120478e+000	8.943797e+000	3.154664e+000
2.057517202853258e-003	3.535759e+000	8.943875e+000	3.155020e+000
2.072165640353258e-003	4.380516e+000	8.943989e+000	3.155739e+000
2.086814077853258e-003	5.188190e+000	8.943980e+000	3.156405e+000
2.096579702853257e-003	5.702648e+000	8.943953e+000	3.156827e+000
2.104637214993817e-003	6.111043e+000	8.940840e+000	3.156653e+000
2.106241894431260e-003	6.190539e+000	8.935021e+000	3.155761e+000
2.107165810233659e-003	6.236025e+000	8.925852e+000	3.154288e+000
2.107882851430173e-003	6.271182e+000	8.910526e+000	3.151788e+000
2.108733233750641e-003	6.312711e+000	8.876421e+000	3.146182e+000
2.109196488574047e-003	6.335258e+000	8.838810e+000	3.139964e+000
2.109645451924546e-003	6.357059e+000	8.767899e+000	3.128202e+000
2.110086323362548e-003	6.378418e+000	8.649408e+000	3.108517e+000
2.110576706880784e-003	6.402118e+000	8.462035e+000	3.077366e+000
2.111184651684439e-003	6.431416e+000	8.175423e+000	3.029702e+000
2.111792596488094e-003	6.460619e+000	7.886100e+000	2.981587e+000
2.112400541291749e-003	6.489727e+000	7.594068e+000	2.933020e+000
2.113008486095404e-003	6.518741e+000	7.299326e+000	2.884002e+000
2.113616430899059e-003	6.547659e+000	7.001874e+000	2.834533e+000
2.114224375702713e-003	6.576483e+000	6.701713e+000	2.784612e+000
2.114832320506369e-003	6.605212e+000	6.398841e+000	2.734241e+000
2.118456165297004e-003	6.774439e+000	4.630095e+000	2.440077e+000
2.123338977797004e-003	6.996887e+000	2.261766e+000	2.046193e+000
2.127386365592036e-003	7.176292e+000	4.225815e-001	1.740319e+000
2.128606761615552e-003	7.229483e+000	2.877652e-002	1.674838e+000
2.128697615518344e-003	7.233426e+000	1.948770e-002	1.673296e+000
2.128879323323927e-003	7.241304e+000	2.141046e-002	1.673622e+000
2.129242738935094e-003	7.257033e+000	2.245652e-002	1.673809e+000
2.129969570157428e-003	7.288377e+000	2.248332e-002	1.673840e+000
2.146622982056629e-003	7.975600e+000	2.248709e-002	1.674408e+000
2.163276393955830e-003	8.562762e+000	2.249084e-002	1.674894e+000
2.179929805855031e-003	9.049861e+000	2.249457e-002	1.675298e+000
2.196583217754232e-003	9.436899e+000	2.249829e-002	1.675619e+000
2.213236629653434e-003	9.723875e+000	2.250198e-002	1.675857e+000
2.229890041552635e-003	9.910789e+000	2.250567e-002	1.676012e+000
2.246543453451836e-003	9.997642e+000	2.250933e-002	1.676085e+000
2.261191890951835e-003	9.975286e+000	2.250924e-002	1.676066e+000
2.275840328451835e-003	9.868486e+000	2.250792e-002	1.675978e+000
2.290488765951835e-003	9.678148e+000	2.250557e-002	1.675820e+000
2.305137203451834e-003	9.405884e+000	2.250205e-002	1.675594e+000
2.319785640951834e-003	9.053997e+000	2.249755e-002	1.675302e+000
2.334434078451834e-003	8.625466e+000	2.249197e-002	1.674946e+000
2.349082515951834e-003	8.123919e+000	2.248548e-002	1.674530e+000
2.363730953451833e-003	7.553602e+000	2.247804e-002	1.674057e+000
2.378379390951833e-003	6.919343e+000	2.246980e-002	1.673531e+000
2.393027828451833e-003	6.226510e+000	2.246075e-002	1.672956e+000
2.407676265951832e-003	5.480968e+000	2.245104e-002	1.672337e+000
2.422324703451832e-003	4.689029e+000	2.244068e-002	1.671680e+000
2.432090328451832e-003	4.138590e+000	2.243470e-002	1.671223e+000
2.436973140951832e-003	3.857397e+000	2.271518e-002	1.671037e+000
2.441855953451832e-003	3.572574e+000	2.391645e-002	1.670999e+000
2.442466305014331e-003	3.536729e+000	2.510113e-002	1.671165e+000
2.443687008139332e-003	3.464884e+000	3.129249e-002	1.672124e+000
2.444276284547617e-003	3.430128e+000	3.778782e-002	1.673164e+000
2.444844212359446e-003	3.396587e+000	5.040851e-002	1.675217e+000
2.445569210662867e-003	3.353707e+000	7.837102e-002	1.679801e+000
2.446020110974531e-003	3.327004e+000	1.119098e-001	1.685336e+000
2.446455423051509e-003	3.301198e+000	1.768574e-001	1.696101e+000
2.446912153509982e-003	3.274096e+000	2.952394e-001	1.715761e+000
2.447353521824555e-003	3.247880e+000	4.603365e-001	1.743203e+000
2.447888708429395e-003	3.216058e+000	7.008144e-001	1.783188e+000
2.448358440677963e-003	3.188098e+000	9.248379e-001	1.820440e+000
2.448860182030132e-003	3.158202e+000	1.166863e+000	1.860686e+000
2.449696851901183e-003	3.108279e+000	1.569482e+000	1.927637e+000
2.451370191643286e-003	3.008178e+000	2.375154e+000	2.061610e+000
2.454716871127491e-003	2.806990e+000	3.997461e+000	2.331380e+000
2.459599683627491e-003	2.511253e+000	6.379872e+000	2.727546e+000
2.464482496127491e-003	2.213153e+000	8.528442e+000	3.084802e+000
2.466241280934228e-003	2.105253e+000	8.951854e+000	3.155164e+000
2.470375356738983e-003	1.850249e+000	8.947830e+000	3.154284e+000
2.474509432543738e-003	1.594416e+000	8.944779e+000	3.153564e+000
2.478643508348492e-003	1.337754e+000	8.942702e+000	3.153006e+000
2.482777584153247e-003	1.080263e+000	8.941599e+000	3.152609e+000
2.486911659958002e-003	8.219426e-001	8.941469e+000	3.152374e+000
2.491045735762757e-003	5.627934e-001	8.942313e+000	3.152300e+000
2.495179811567511e-003	3.028151e-001	8.944131e+000	3.152387e+000
2.504945436567511e-003	-3.106810e-001	8.944110e+000	3.151876e+000
2.509828249067511e-003	-6.171347e-001	8.944093e+000	3.151620e+000
2.514711061567511e-003	-9.230076e-001	8.943672e+000	3.151304e+000
2.519593874067511e-003	-1.228012e+000	8.940852e+000	3.150629e+000
2.523360558038020e-003	-1.462523e+000	8.934771e+000	3.149520e+000
2.527368656451981e-003	-1.711161e+000	8.924029e+000	3.147678e+000
2.531230424477777e-003	-1.949697e+000	8.910738e+000	3.145429e+000
2.535270513145896e-003	-2.198017e+000	8.886979e+000	3.141444e+000
2.540153325645896e-003	-2.496229e+000	8.800662e+000	3.127047e+000
2.545036138145896e-003	-2.792091e+000	8.532616e+000	3.082415e+000
2.549918950645896e-003	-3.085326e+000	7.886276e+000	2.974841e+000
2.554801763145896e-003	-3.375657e+000	6.680786e+000	2.774231e+000
2.558665160514115e-003	-3.603136e+000	5.127524e+000	2.515763e+000
2.562473457256973e-003	-3.825294e+000	2.887543e+000	2.143032e+000
2.566240395158115e-003	-4.042884e+000	1.308867e-001	1.684333e+000
2.566287804888404e-003	-4.045609e+000	9.657418e-002	1.678624e+000
2.566382624348981e-003	-4.051056e+000	4.943883e-002	1.670780e+000
2.566572263270135e-003	-4.061947e+000	1.092943e-002	1.664372e+000
2.566787606877322e-003	-4.074307e+000	2.813486e-003	1.663020e+000
2.567026478465993e-003	-4.088009e+000	2.953228e-003	1.663042e+000
2.567370246937093e-003	-4.107712e+000	2.100919e-003	1.662899e+000
2.569432857763693e-003	-4.225523e+000	-2.051873e-003	1.662197e+000
2.572183005532492e-003	-4.381496e+000	-7.266706e-003	1.661315e+000
2.577065818032492e-003	-4.655171e+000	-1.583476e-002	1.659865e+000
2.581948630532492e-003	-4.924465e+000	-2.364047e-002	1.658542e+000
2.586831443032492e-003	-5.189123e+000	-3.068116e-002	1.657347e+000
2.591714255532492e-003	-5.448898e+000	-3.707988e-002	1.656259e+000
2.596597068032492e-003	-5.703544e+000	-4.291346e-002	1.655267e+000
2.601479880532491e-003	-5.952823e+000	-4.825741e-002	1.654356e+000
2.606362693032491e-003	-6.196498e+000	-5.316699e-002	1.653518e+000
2.611245505532491e-003	-6.434342e+000	-5.769237e-002	1.652745e+000
2.616128318032491e-003	-6.666131e+000	-6.187326e-002	1.652029e+000
2.621011130532491e-003	-6.891645e+000	-6.574420e-002	1.651366e+000
2.625893943032491e-003	-7.110673e+000	-6.933421e-002	1.650750e+000
2.630776755532491e-003	-7.323009e+000	-7.266782e-002	1.650177e+000
2.635659568032491e-003	-7.528452e+000	-7.576668e-002	1.649644e+000
2.645425193032491e-003	-7.917896e+000	-8.133006e-002	1.648686e+000
2.660073630532490e-003	-8.445757e+000	-8.829921e-002	1.647482e+000
2.674722068032490e-003	-8.902123e+000	-9.386805e-002	1.646517e+000
2.689370505532490e-003	-9.283132e+000	-9.822004e-002	1.645762e+000
2.699136130532489e-003	-9.493652e+000	-1.005348e-001	1.645359e+000
2.708901755532489e-003	-9.668441e+000	-1.024130e-001	1.645032e+000
2.718667380532489e-003	-9.806839e+000	-1.038706e-001	1.644778e+000
2.728433005532489e-003	-9.908326e+000	-1.049247e-001	1.644594e+000
2.738198630532489e-003	-9.972522e+000	-1.055873e-001	1.644479e+000
2.747964255532488e-003	-9.999182e+000	-1.058656e-001	1.644430e+000
2.757729880532488e-003	-9.988208e+000	-1.057629e-001	1.644448e+000
2.767495505532488e-003	-9.939641e+000	-1.052778e-001	1.644533e+000
2.777261130532488e-003	-9.853662e+000	-1.044052e-001	1.644685e+000
2.787026755532487e-003	-9.730597e+000	-1.031351e-001	1.644907e+000
2.796792380532487e-003	-9.570909e+000	-1.014530e-001	1.645200e+000
2.806558005532487e-003	-9.375197e+000	-9.933867e-002	1.645568e+000
2.821206443032487e-003	-9.015736e+000	-9.531906e-002	1.646266e+000
2.835854880532486e-003	-8.579954e+000	-9.014224e-002	1.647164e+000
2.850503318032486e-003	-8.071541e+000	-8.362788e-002	1.648290e+000
2.860268943032486e-003	-7.694350e+000	-7.842184e-002	1.649188e+000
2.865151755532486e-003	-7.494802e+000	-7.552296e-002	1.649687e+000
2.870034568032486e-003	-7.288199e+000	-7.240599e-002	1.650223e+000
2.874917380532486e-003	-7.074738e+000	-6.905264e-002	1.650799e+000
2.879800193032486e-003	-6.854617e+000	-6.544110e-002	1.651419e+000
2.884683005532485e-003	-6.628046e+000	-6.154681e-002	1.652086e+000
2.889565818032485e-003	-6.395236e+000	-5.733979e-002	1.652806e+000
2.894448630532485e-003	-6.156407e+000	-5.278641e-002	1.653584e+000
2.899331443032485e-003	-5.911785e+000	-4.784437e-002	1.654428e+000
2.904214255532485e-003	-5.661598e+000	-4.246667e-002	1.655344e+000
2.909097068032485e-003	-5.406083e+000	-3.659192e-002	1.656344e+000
2.913979880532485e-003	-5.145479e+000	-3.015361e-002	1.657438e+000
2.918862693032485e-003	-4.880033e+000	-2.305568e-002	1.658643e+000
2.923745505532485e-003	-4.609994e+000	-1.520170e-002	1.659974e+000
2.928628318032484e-003	-4.335617e+000	-6.456432e-003	1.661453e+000
2.933511130532484e-003	-4.057158e+000	3.303268e-003	1.663103e+000
2.938393943032484e-003	-3.774882e+000	1.431306e-002	1.664961e+000
2.943276755532484e-003	-3.489052e+000	2.674594e-002	1.667057e+000
2.948159568032484e-003	-3.199939e+000	4.129822e-002	1.669507e+000
2.953042380532484e-003	-2.907814e+000	5.965408e-002	1.672590e+000
2.957925193032484e-003	-2.612952e+000	9.962960e-002	1.679273e+000
2.962808005532484e-003	-2.315631e+000	2.338288e-001	1.701636e+000
2.967690818032484e-003	-2.016131e+000	5.775854e-001	1.758870e+000
2.971363680439865e-003	-1.789580e+000	1.086525e+000	1.843585e+000
2.974700814586915e-003	-1.582909e+000	1.846616e+000	1.970093e+000
2.978461685943867e-003	-1.349165e+000	3.072473e+000	2.174128e+000
2.981910303366176e-003	-1.134163e+000	4.503701e+000	2.412375e+000
2.984820122692621e-003	-9.523344e-001	5.872362e+000	2.640237e+000
2.987805849281384e-003	-7.654317e-001	7.276891e+000	2.874090e+000
2.991452316497048e-003	-5.368087e-001	8.664815e+000	3.105217e+000
2.993176676993890e-003	-4.285907e-001	8.936244e+000	3.150470e+000
3.000512185414714e-003	3.218150e-002	8.941661e+000	3.151752e+000
3.005232576502928e-003	3.293308e-001	8.942233e+000	3.152094e+000
3.009952967591141e-003	6.255519e-001	8.942690e+000	3.152415e+000
3.014673358679354e-003	9.208447e-001	8.943032e+000	3.152716e+000
3.019393749767568e-003	1.215209e+000	8.943259e+000	3.152997e+000
3.024114140855781e-003	1.508646e+000	8.943370e+000	3.153259e+000
3.028834531943994e-003	1.801154e+000	8.943366e+000	3.153500e+000
3.033554923032208e-003	2.092734e+000	8.943247e+000	3.153722e+000
3.042623003389350e-003	2.650459e+000	8.943366e+000	3.154203e+000
3.051691083746493e-003	3.195286e+000	8.943474e+000	3.154672e+000
3.060759164103635e-003	3.727215e+000	8.943572e+000	3.155129e+000
3.069827244460778e-003	4.246245e+000	8.943659e+000	3.155573e+000
3.078895324817921e-003	4.752376e+000	8.943735e+000	3.156004e+000
3.087963405175064e-003	5.245609e+000	8.943801e+000	3.156423e+000
3.097031485532206e-003	5.725943e+000	8.943855e+000	3.156830e+000
3.104862883813739e-003	6.122261e+000	8.941772e+000	3.156816e+000
3.105603064373693e-003	6.158967e+000	8.939632e+000	3.156495e+000
3.106438719844140e-003	6.200247e+000	8.934577e+000	3.155696e+000
3.107245010522606e-003	6.239915e+000	8.925029e+000	3.154156e+000
3.107960579790723e-003	6.274985e+000	8.908487e+000	3.151455e+000
3.108785348157930e-003	6.315250e+000	8.874246e+000	3.145824e+000
3.109218627046751e-003	6.336335e+000	8.836741e+000	3.139621e+000
3.109724852213659e-003	6.360910e+000	8.750709e+000	3.125347e+000
3.110164278820653e-003	6.382190e+000	8.625379e+000	3.104523e+000
3.110661115865512e-003	6.406191e+000	8.428170e+000	3.071736e+000
3.111351998994525e-003	6.439464e+000	8.098699e+000	3.016943e+000
3.112042882123538e-003	6.472615e+000	7.767053e+000	2.961789e+000
3.112733765252551e-003	6.505642e+000	7.433231e+000	2.906272e+000
3.113424648381565e-003	6.538547e+000	7.097233e+000	2.850392e+000
3.114115531510578e-003	6.571329e+000	6.759060e+000	2.794150e+000
3.114806414639591e-003	6.603988e+000	6.418711e+000	2.737546e+000
3.115497297768604e-003	6.636524e+000	6.076186e+000	2.680579e+000
3.119805350851312e-003	6.836551e+000	3.977288e+000	2.331507e+000
3.124688163351312e-003	7.057199e+000	1.614534e+000	1.938550e+000
3.126759141081172e-003	7.148791e+000	6.232036e-001	1.773678e+000
3.127854384940700e-003	7.196741e+000	1.777952e-001	1.699606e+000
3.128571953004963e-003	7.227972e+000	4.035599e-002	1.676763e+000
3.129466198391335e-003	7.266686e+000	2.533093e-002	1.674295e+000
3.130077982480366e-003	7.293039e+000	2.538400e-002	1.674326e+000
3.130788219195939e-003	7.323499e+000	2.246040e-002	1.673865e+000
3.131728291694442e-003	7.363591e+000	2.312140e-002	1.674008e+000
3.132914150961955e-003	7.413799e+000	2.255064e-002	1.673954e+000
3.135285869496983e-003	7.512977e+000	2.272116e-002	1.674065e+000
3.138585762585380e-003	7.648188e+000	2.262987e-002	1.674161e+000
3.148351387585380e-003	8.028852e+000	2.262634e-002	1.674475e+000
3.162999825085380e-003	8.542768e+000	2.260506e-002	1.674897e+000
3.177648262585380e-003	8.984370e+000	2.258209e-002	1.675258e+000
3.192296700085379e-003	9.349917e+000	2.256525e-002	1.675558e+000
3.206945137585379e-003	9.636316e+000	2.254652e-002	1.675792e+000
3.221593575085379e-003	9.841142e+000	2.253920e-002	1.675960e+000
3.236242012585378e-003	9.962661e+000	2.253455e-002	1.676060e+000
3.250890450085378e-003	9.999844e+000	2.253081e-002	1.676090e+000
3.265538887585378e-003	9.952376e+000	2.252575e-002	1.676050e+000
3.280187325085377e-003	9.820661e+000	2.252081e-002	1.675940e+000
3.294835762585377e-003	9.605811e+000	2.251520e-002	1.675761e+000
3.309484200085377e-003	9.309647e+000	2.250908e-002	1.675515e+000
3.324132637585377e-003	8.934674e+000	2.250253e-002	1.675204e+000
3.338781075085376e-003	8.484069e+000	2.249511e-002	1.674830e+000
3.353429512585376e-003	7.961644e+000	2.248738e-002	1.674396e+000
3.368077950085376e-003	7.371823e+000	2.247863e-002	1.673907e+000
3.382726387585375e-003	6.719597e+000	2.246965e-002	1.673365e+000
3.397374825085375e-003	6.010490e+000	2.245967e-002	1.672777e+000
3.412023262585375e-003	5.250503e+000	2.244954e-002	1.672146e+000
3.426671700085374e-003	4.446068e+000	2.243450e-002	1.671478e+000
3.431554512585374e-003	4.169214e+000	2.242371e-002	1.671247e+000
3.436437325085374e-003	3.888436e+000	2.257718e-002	1.671040e+000
3.441320137585374e-003	3.603998e+000	2.309621e-002	1.670890e+000
3.441930489147874e-003	3.568199e+000	2.378666e-002	1.670974e+000
3.443151192272874e-003	3.496445e+000	2.742605e-002	1.671514e+000
3.443782217876122e-003	3.459271e+000	3.156724e-002	1.672164e+000
3.444359862603909e-003	3.425195e+000	3.925449e-002	1.673402e+000
3.444971126408862e-003	3.389086e+000	5.436711e-002	1.675864e+000
3.445682008047544e-003	3.347030e+000	8.420945e-002	1.680761e+000
3.446054563890506e-003	3.324962e+000	1.141875e-001	1.685712e+000
3.446477520251897e-003	3.299887e+000	1.802525e-001	1.696664e+000
3.446924212585504e-003	3.273380e+000	2.985561e-001	1.716312e+000
3.447375860965357e-003	3.246552e+000	4.692951e-001	1.744693e+000
3.447913076061054e-003	3.214608e+000	7.117312e-001	1.785003e+000
3.448444828114624e-003	3.182953e+000	9.657857e-001	1.827249e+000
3.448927693031868e-003	3.154177e+000	1.198653e+000	1.865972e+000
3.449857544681064e-003	3.098681e+000	1.645987e+000	1.940358e+000
3.451717247979456e-003	2.987375e+000	2.542006e+000	2.089355e+000
3.455436654576241e-003	2.763554e+000	4.347191e+000	2.389536e+000
3.460319467076241e-003	2.467452e+000	6.669823e+000	2.775755e+000
3.465202279576241e-003	2.169027e+000	8.854237e+000	3.138975e+000
3.465392494737346e-003	2.157359e+000	8.908091e+000	3.147926e+000
3.465772925059554e-003	2.134012e+000	8.937724e+000	3.152837e+000
3.470377044631964e-003	1.849981e+000	8.940948e+000	3.153139e+000
3.474981164204374e-003	1.564986e+000	8.943394e+000	3.153310e+000
3.479585283776784e-003	1.279027e+000	8.945061e+000	3.153350e+000
3.484189403349194e-003	9.921036e-001	8.945951e+000	3.153261e+000
3.488793522921604e-003	7.042163e-001	8.946062e+000	3.153041e+000
3.493397642494013e-003	4.153650e-001	8.945394e+000	3.152691e+000
3.498001762066423e-003	1.255497e-001	8.943949e+000	3.152210e+000
3.507767387066423e-003	-4.878456e-001	8.943949e+000	3.151703e+000
3.512650199566423e-003	-7.939988e-001	8.943892e+000	3.151441e+000
3.517533012066423e-003	-1.099405e+000	8.942590e+000	3.150994e+000
3.521478893797014e-003	-1.345466e+000	8.938279e+000	3.150146e+000
3.525847556278936e-003	-1.616920e+000	8.928446e+000	3.148431e+000
3.529178923175320e-003	-1.823112e+000	8.918374e+000	3.146718e+000
3.533031621661198e-003	-2.060570e+000	8.901375e+000	3.143857e+000
3.537914434161198e-003	-2.359766e+000	8.853253e+000	3.135813e+000
3.542797246661198e-003	-2.656740e+000	8.696070e+000	3.109626e+000
3.547680059161198e-003	-2.951215e+000	8.253605e+000	3.035974e+000
3.552562871661198e-003	-3.242911e+000	7.339996e+000	2.883930e+000
3.556718323902652e-003	-3.488762e+000	6.017264e+000	2.663817e+000
3.560375483066390e-003	-3.703171e+000	4.238131e+000	2.367767e+000
3.563943346618947e-003	-3.910461e+000	1.924897e+000	1.982850e+000
3.565086500769310e-003	-3.976466e+000	1.021827e+000	1.832582e+000
3.565797862765690e-003	-4.017437e+000	4.092067e-001	1.730645e+000
3.566213863708748e-003	-4.041359e+000	7.504144e-002	1.675041e+000
3.566258091023349e-003	-4.043901e+000	5.016016e-002	1.670901e+000
3.566346545652550e-003	-4.048984e+000	2.588771e-002	1.666862e+000
3.566523454910952e-003	-4.059144e+000	7.598563e-003	1.663818e+000
3.566760240494542e-003	-4.072737e+000	3.273284e-003	1.663097e+000
3.567030570637884e-003	-4.088244e+000	2.891049e-003	1.663032e+000
3.567531914175640e-003	-4.116971e+000	1.779790e-003	1.662844e+000
3.568534601251152e-003	-4.174303e+000	-2.537857e-004	1.662501e+000
3.570539975402175e-003	-4.288467e+000	-4.184590e-003	1.661836e+000
3.574550723704221e-003	-4.514735e+000	-1.152948e-002	1.660594e+000
3.579433536204221e-003	-4.786317e+000	-1.971870e-002	1.659207e+000
3.584316348704221e-003	-5.053394e+000	-2.714285e-002	1.657948e+000
3.589199161204221e-003	-5.315715e+000	-3.385828e-002	1.656807e+000
3.594081973704220e-003	-5.573033e+000	-3.997463e-002	1.655767e+000
3.598964786204220e-003	-5.825107e+000	-4.556202e-002	1.654815e+000
3.603847598704220e-003	-6.071697e+000	-5.068917e-002	1.653941e+000
3.608730411204220e-003	-6.312573e+000	-5.540670e-002	1.653135e+000
3.613613223704220e-003	-6.547508e+000	-5.976047e-002	1.652391e+000
3.618496036204220e-003	-6.776281e+000	-6.378715e-002	1.651701e+000
3.623378848704220e-003	-6.998676e+000	-6.751845e-002	1.651061e+000
3.628261661204220e-003	-7.214485e+000	-7.098138e-002	1.650467e+000
3.633144473704220e-003	-7.423503e+000	-7.419856e-002	1.649914e+000
3.642910098704219e-003	-7.820389e+000	-7.997295e-002	1.648920e+000
3.657558536204219e-003	-8.360092e+000	-8.720906e-002	1.647671e+000
3.672206973704219e-003	-8.829026e+000	-9.300181e-002	1.646668e+000
3.686855411204218e-003	-9.223221e+000	-9.754746e-002	1.645878e+000
3.701503848704218e-003	-9.539339e+000	-1.010300e-001	1.645273e+000
3.711269473704218e-003	-9.705359e+000	-1.028043e-001	1.644964e+000
3.721035098704218e-003	-9.834851e+000	-1.041627e-001	1.644727e+000
3.730800723704218e-003	-9.927327e+000	-1.051209e-001	1.644560e+000
3.740566348704217e-003	-9.982438e+000	-1.056898e-001	1.644461e+000
3.750331973704217e-003	-9.999978e+000	-1.058757e-001	1.644428e+000
3.760097598704217e-003	-9.979880e+000	-1.056805e-001	1.644463e+000
3.769863223704217e-003	-9.922220e+000	-1.051022e-001	1.644564e+000
3.779628848704216e-003	-9.827215e+000	-1.041342e-001	1.644732e+000
3.789394473704216e-003	-9.695223e+000	-1.027658e-001	1.644971e+000
3.799160098704216e-003	-9.526740e+000	-1.009810e-001	1.645282e+000
3.813808536204216e-003	-9.207020e+000	-9.748016e-002	1.645891e+000
3.828456973704215e-003	-8.809361e+000	-9.291354e-002	1.646684e+000
3.843105411204215e-003	-8.337129e+000	-8.709806e-002	1.647691e+000
3.852871036204215e-003	-7.982827e+000	-8.243388e-002	1.648496e+000
3.862636661204215e-003	-7.598480e+000	-7.704227e-002	1.649426e+000
3.867519473704215e-003	-7.395487e+000	-7.403986e-002	1.649942e+000
3.872402286204215e-003	-7.185534e+000	-7.081066e-002	1.650497e+000
3.877285098704214e-003	-6.968818e+000	-6.733513e-002	1.651094e+000
3.882167911204214e-003	-6.745543e+000	-6.358967e-002	1.651736e+000
3.887050723704214e-003	-6.515920e+000	-5.954795e-002	1.652428e+000
3.891933536204214e-003	-6.280164e+000	-5.517730e-002	1.653176e+000
3.896816348704214e-003	-6.038497e+000	-5.044151e-002	1.653985e+000
3.901699161204214e-003	-5.791147e+000	-4.529417e-002	1.654862e+000
3.906581973704214e-003	-5.538347e+000	-3.968450e-002	1.655818e+000
3.911464786204214e-003	-5.280334e+000	-3.354453e-002	1.656862e+000
3.916347598704214e-003	-5.017352e+000	-2.680268e-002	1.658007e+000
3.921230411204213e-003	-4.749647e+000	-1.935085e-002	1.659271e+000
3.926113223704213e-003	-4.477472e+000	-1.108645e-002	1.660670e+000
3.930996036204213e-003	-4.201083e+000	-1.856226e-003	1.662231e+000
3.935878848704213e-003	-3.920741e+000	8.463677e-003	1.663974e+000
3.940761661204213e-003	-3.636708e+000	2.016044e-002	1.665947e+000
3.945644473704213e-003	-3.349252e+000	3.344487e-002	1.668185e+000
3.950527286204213e-003	-3.058644e+000	4.953752e-002	1.670892e+000
3.955410098704213e-003	-2.765158e+000	7.273782e-002	1.674782e+000
3.960292911204213e-003	-2.469069e+000	1.414277e-001	1.686244e+000
3.965175723704213e-003	-2.170656e+000	3.531289e-001	1.721503e+000
3.969195965984819e-003	-1.923413e+000	7.490486e-001	1.787412e+000
3.972817042041673e-003	-1.699664e+000	1.363141e+000	1.889625e+000
3.975539733105299e-003	-1.530841e+000	2.058973e+000	2.005437e+000
3.978982847388600e-003	-1.316712e+000	3.268591e+000	2.206775e+000
3.982865720160044e-003	-1.074500e+000	4.939384e+000	2.484911e+000
3.985800446509777e-003	-8.910011e-001	6.334956e+000	2.717257e+000
3.988745283549550e-003	-7.065654e-001	7.775679e+000	2.957132e+000
3.990761207737756e-003	-5.801645e-001	8.642142e+000	3.101408e+000
3.991964559333816e-003	-5.046672e-001	8.900460e+000	3.144453e+000
3.993444722265060e-003	-4.117638e-001	8.941400e+000	3.151341e+000
3.999997897373881e-003	-1.321119e-004	8.943600e+000	3.152048e+000
4.003929519928259e-003	2.472446e-001	8.943549e+000	3.152245e+000
4.007861142482637e-003	4.940965e-001	8.943515e+000	3.152443e+000
4.011792765037016e-003	7.404235e-001	8.943499e+000	3.152644e+000
4.015724387591395e-003	9.862256e-001	8.943501e+000	3.152848e+000
4.019656010145773e-003	1.231503e+000	8.943519e+000	3.153054e+000
4.023587632700151e-003	1.476255e+000	8.943556e+000	3.153263e+000
4.027519255254530e-003	1.720483e+000	8.943609e+000	3.153474e+000
4.036587335611673e-003	2.282993e+000	8.943698e+000	3.153954e+000
4.045655415968815e-003	2.833738e+000	8.943774e+000	3.154422e+000
4.054723496325957e-003	3.372719e+000	8.943838e+000	3.154879e+000
4.063791576683100e-003	3.899934e+000	8.943890e+000	3.155324e+000
4.072859657040243e-003	4.415385e+000	8.943930e+000	3.155758e+000
4.081927737397385e-003	4.919071e+000	8.943959e+000	3.156179e+000
4.090995817754528e-003	5.410992e+000	8.943974e+000	3.156589e+000
4.105378211853882e-003	6.147830e+000	8.940486e+000	3.156625e+000
4.106293739197632e-003	6.193098e+000	8.936024e+000	3.155929e+000
4.107087237820538e-003	6.232165e+000	8.927472e+000	3.154552e+000
4.107810440927885e-003	6.267637e+000	8.912691e+000	3.152143e+000
4.108662060040265e-003	6.309242e+000	8.878057e+000	3.146448e+000
4.109295334134790e-003	6.340063e+000	8.821709e+000	3.137126e+000
4.109797021420904e-003	6.364408e+000	8.730630e+000	3.122012e+000
4.110227533143937e-003	6.385249e+000	8.599683e+000	3.100252e+000
4.111150995881921e-003	6.429796e+000	8.197725e+000	3.033413e+000
4.113261165640723e-003	6.530773e+000	7.165449e+000	2.861736e+000
4.115332491713510e-003	6.628775e+000	6.151033e+000	2.693027e+000
4.119475143859082e-003	6.821394e+000	4.131905e+000	2.357222e+000
4.124357956359082e-003	7.042485e+000	1.768078e+000	1.964086e+000
4.126632794252225e-003	7.143238e+000	6.734197e-001	1.782029e+000
4.127758515693333e-003	7.192557e+000	2.000641e-001	1.703308e+000
4.128476148602076e-003	7.223810e+000	4.890951e-002	1.678183e+000
4.129413845733085e-003	7.264426e+000	2.506283e-002	1.674249e+000
4.130010020803271e-003	7.290117e+000	2.503143e-002	1.674265e+000
4.130732892617272e-003	7.321132e+000	2.240068e-002	1.673853e+000
4.131768048411416e-003	7.365281e+000	2.299001e-002	1.673988e+000
4.133042038696769e-003	7.419189e+000	2.254903e-002	1.673959e+000
4.135590019267475e-003	7.525575e+000	2.269725e-002	1.674071e+000
4.139322812846191e-003	7.677941e+000	2.262210e-002	1.674184e+000
4.153971250346190e-003	8.234302e+000	2.261010e-002	1.674642e+000
4.168619687846190e-003	8.720957e+000	2.258523e-002	1.675041e+000
4.183268125346190e-003	9.133787e+000	2.257202e-002	1.675380e+000
4.197916562846189e-003	9.469299e+000	2.254660e-002	1.675654e+000
4.212565000346189e-003	9.724651e+000	2.253938e-002	1.675864e+000
4.227213437846189e-003	9.897683e+000	2.253511e-002	1.676006e+000
4.241861875346188e-003	9.986930e+000	2.253202e-002	1.676080e+000
4.256510312846188e-003	9.991635e+000	2.252732e-002	1.676083e+000
4.271158750346188e-003	9.911759e+000	2.252294e-002	1.676016e+000
4.285807187846187e-003	9.747978e+000	2.251776e-002	1.675879e+000
4.300455625346187e-003	9.501679e+000	2.251219e-002	1.675675e+000
4.315104062846187e-003	9.174948e+000	2.250611e-002	1.675403e+000
4.329752500346186e-003	8.770548e+000	2.249923e-002	1.675068e+000
4.344400937846186e-003	8.291904e+000	2.249197e-002	1.674670e+000
4.359049375346186e-003	7.743068e+000	2.248371e-002	1.674215e+000
4.373697812846186e-003	7.128685e+000	2.247516e-002	1.673705e+000
4.388346250346185e-003	6.453957e+000	2.246560e-002	1.673145e+000
4.402994687846185e-003	5.724595e+000	2.245583e-002	1.672539e+000
4.417643125346185e-003	4.946773e+000	2.244082e-002	1.671893e+000
4.432291562846184e-003	4.127076e+000	2.242046e-002	1.671211e+000
4.437174375346184e-003	3.845728e+000	2.278135e-002	1.671038e+000
4.442057187846184e-003	3.560761e+000	2.399964e-002	1.671003e+000
4.442525165802412e-003	3.533269e+000	2.486156e-002	1.671122e+000
4.443461121714867e-003	3.478194e+000	2.908523e-002	1.671772e+000
4.444021242365344e-003	3.445176e+000	3.414090e-002	1.672576e+000
4.444608244459574e-003	3.410528e+000	4.435752e-002	1.674231e+000
4.445280753893620e-003	3.370776e+000	6.673996e-002	1.677894e+000
4.445980275946476e-003	3.329364e+000	1.113826e-001	1.685252e+000
4.446392599684543e-003	3.304924e+000	1.651044e-001	1.694151e+000
4.446793741277596e-003	3.281125e+000	2.603499e-001	1.709964e+000
4.447236281963863e-003	3.254846e+000	4.163137e-001	1.735885e+000
4.447748200401107e-003	3.224416e+000	6.389293e-001	1.772898e+000
4.448138199649085e-003	3.201211e+000	8.230875e-001	1.803521e+000
4.448657679625592e-003	3.170272e+000	1.073555e+000	1.845170e+000
4.449292354777548e-003	3.132426e+000	1.379303e+000	1.896013e+000
4.450561705081462e-003	3.056585e+000	1.989840e+000	1.997537e+000
4.453100405689288e-003	2.904325e+000	3.216151e+000	2.201458e+000
4.457104271673017e-003	2.662705e+000	5.165281e+000	2.525575e+000
4.461987084173017e-003	2.365778e+000	7.553556e+000	2.922716e+000
4.464469151741255e-003	2.213971e+000	8.614726e+000	3.099159e+000
4.465865676045584e-003	2.128318e+000	8.949595e+000	3.154808e+000
4.470512521527513e-003	1.841596e+000	8.946818e+000	3.154108e+000
4.475159367009442e-003	1.553906e+000	8.944704e+000	3.153518e+000
4.479806212491371e-003	1.265248e+000	8.943253e+000	3.153038e+000
4.484453057973299e-003	9.756213e-001	8.942466e+000	3.152667e+000
4.489099903455228e-003	6.850264e-001	8.942343e+000	3.152406e+000
4.493746748937157e-003	3.934632e-001	8.942883e+000	3.152255e+000
4.498393594419086e-003	1.009317e-001	8.944086e+000	3.152213e+000
4.508159219419086e-003	-5.124344e-001	8.944067e+000	3.151702e+000
4.513042031919086e-003	-8.185382e-001	8.943963e+000	3.151433e+000
4.517924844419085e-003	-1.123872e+000	8.942481e+000	3.150959e+000
4.521721474658380e-003	-1.360567e+000	8.937961e+000	3.150086e+000
4.525941670585754e-003	-1.622755e+000	8.928271e+000	3.148400e+000
4.529266695952477e-003	-1.828535e+000	8.918124e+000	3.146676e+000
4.533091364850472e-003	-2.064243e+000	8.901677e+000	3.143906e+000
4.537974177350472e-003	-2.363414e+000	8.852429e+000	3.135676e+000
4.542856989850472e-003	-2.660359e+000	8.688504e+000	3.108367e+000
4.547739802350472e-003	-2.954801e+000	8.238209e+000	3.033412e+000
4.552622614850472e-003	-3.246462e+000	7.318273e+000	2.880315e+000
4.556753434114833e-003	-3.490830e+000	5.991112e+000	2.659465e+000
4.560517479697498e-003	-3.711457e+000	4.133711e+000	2.350392e+000
4.564219298992932e-003	-3.926413e+000	1.691120e+000	1.943950e+000
4.565333364763812e-003	-3.990693e+000	7.933456e-001	1.794564e+000
4.565986966389372e-003	-4.028315e+000	2.505600e-001	1.704247e+000
4.566362102405498e-003	-4.049877e+000	1.658750e-002	1.665314e+000
4.566412030533664e-003	-4.052745e+000	4.553725e-003	1.663312e+000
4.566511886789994e-003	-4.058480e+000	3.747602e-003	1.663177e+000
4.566711599302656e-003	-4.069945e+000	3.431399e-003	1.663123e+000
4.567111024327979e-003	-4.092856e+000	2.686346e-003	1.662997e+000
4.567909874378625e-003	-4.138601e+000	1.009970e-003	1.662714e+000
4.569507574479918e-003	-4.229777e+000	-2.181139e-003	1.662175e+000
4.572702974682504e-003	-4.410841e+000	-8.209076e-003	1.661156e+000
4.577585787182504e-003	-4.684061e+000	-1.671194e-002	1.659716e+000
4.582468599682503e-003	-4.952873e+000	-2.441911e-002	1.658410e+000
4.587351412182503e-003	-5.217023e+000	-3.139435e-002	1.657226e+000
4.592234224682503e-003	-5.476263e+000	-3.772483e-002	1.656150e+000
4.597117037182503e-003	-5.730350e+000	-4.350574e-002	1.655166e+000
4.601999849682503e-003	-5.979042e+000	-4.879935e-002	1.654263e+000
4.606882662182503e-003	-6.222108e+000	-5.366672e-002	1.653433e+000
4.611765474682503e-003	-6.459318e+000	-5.815318e-002	1.652666e+000
4.616648287182503e-003	-6.690448e+000	-6.229969e-002	1.651956e+000
4.621531099682503e-003	-6.915281e+000	-6.613944e-002	1.651298e+000
4.626413912182503e-003	-7.133606e+000	-6.970090e-002	1.650687e+000
4.631296724682502e-003	-7.345218e+000	-7.300878e-002	1.650119e+000
4.641062349682502e-003	-7.747508e+000	-7.894360e-002	1.649097e+000
4.650827974682502e-003	-8.120639e+000	-8.407960e-002	1.648211e+000
4.665476412182502e-003	-8.622620e+000	-9.050389e-002	1.647100e+000
4.680124849682501e-003	-9.051608e+000	-9.561037e-002	1.646215e+000
4.694773287182501e-003	-9.403973e+000	-9.955398e-002	1.645530e+000
4.704538912182501e-003	-9.594814e+000	-1.016271e-001	1.645169e+000
4.714304537182501e-003	-9.749542e+000	-1.032702e-001	1.644883e+000
4.724070162182500e-003	-9.867576e+000	-1.045027e-001	1.644668e+000
4.733835787182500e-003	-9.948469e+000	-1.053391e-001	1.644522e+000
4.743601412182500e-003	-9.991920e+000	-1.057884e-001	1.644444e+000
4.753367037182500e-003	-9.997763e+000	-1.058558e-001	1.644432e+000
4.763132662182500e-003	-9.965976e+000	-1.055420e-001	1.644487e+000
4.772898287182499e-003	-9.896680e+000	-1.048435e-001	1.644609e+000
4.782663912182499e-003	-9.790134e+000	-1.037525e-001	1.644799e+000
4.792429537182499e-003	-9.646742e+000	-1.022566e-001	1.645060e+000
4.802195162182499e-003	-9.467040e+000	-1.003382e-001	1.645394e+000
4.816843599682498e-003	-9.130927e+000	-9.662203e-002	1.646040e+000
4.831492037182498e-003	-8.717519e+000	-9.181581e-002	1.646874e+000
4.846140474682498e-003	-8.230316e+000	-8.572075e-002	1.647929e+000
4.855906099682498e-003	-7.866529e+000	-8.084080e-002	1.648771e+000
4.865671724682497e-003	-7.473133e+000	-7.520165e-002	1.649742e+000
4.870554537182497e-003	-7.265790e+000	-7.206057e-002	1.650283e+000
4.875437349682497e-003	-7.051610e+000	-6.868062e-002	1.650863e+000
4.880320162182497e-003	-6.830793e+000	-6.504049e-002	1.651488e+000
4.885202974682497e-003	-6.603547e+000	-6.111401e-002	1.652160e+000
4.890085787182497e-003	-6.370086e+000	-5.687236e-002	1.652886e+000
4.894968599682497e-003	-6.130630e+000	-5.227895e-002	1.653671e+000
4.899851412182497e-003	-5.885403e+000	-4.729399e-002	1.654521e+000
4.904734224682497e-003	-5.634637e+000	-4.186488e-002	1.655447e+000
4.909617037182497e-003	-5.378569e+000	-3.593587e-002	1.656456e+000
4.914499849682496e-003	-5.117438e+000	-2.942879e-002	1.657561e+000
4.919382662182496e-003	-4.851491e+000	-2.226104e-002	1.658777e+000
4.924265474682496e-003	-4.580978e+000	-1.430989e-002	1.660125e+000
4.929148287182496e-003	-4.306153e+000	-5.477628e-003	1.661619e+000
4.934031099682496e-003	-4.027276e+000	4.429767e-003	1.663293e+000
4.938913912182496e-003	-3.744608e+000	1.553531e-002	1.665167e+000
4.943796724682496e-003	-3.458416e+000	2.823925e-002	1.667308e+000
4.948679537182496e-003	-3.168969e+000	4.289914e-002	1.669776e+000
4.953562349682496e-003	-2.876540e+000	6.260625e-002	1.673085e+000
4.958445162182495e-003	-2.581403e+000	1.061977e-001	1.680369e+000
4.963327974682495e-003	-2.283837e+000	2.346010e-001	1.701768e+000
4.967233704612114e-003	-2.044254e+000	5.044529e-001	1.746698e+000
4.971033580142173e-003	-1.809983e+000	1.023836e+000	1.833151e+000
4.974716455107203e-003	-1.581939e+000	1.836376e+000	1.968389e+000
4.978098821868488e-003	-1.371753e+000	2.910411e+000	2.147153e+000
4.981344700876749e-003	-1.169465e+000	4.234766e+000	2.367604e+000
4.984231561522356e-003	-9.891401e-001	5.578946e+000	2.591387e+000
4.987265479835425e-003	-7.992800e-001	7.056056e+000	2.837317e+000
4.990466524081292e-003	-5.986478e-001	8.494659e+000	3.076853e+000
4.991902122432588e-003	-5.085852e-001	8.927674e+000	3.148978e+000
4.992556225819134e-003	-4.675356e-001	8.944450e+000	3.151803e+000
4.998351820570875e-003	-1.035563e-001	8.944067e+000	3.152040e+000
5.000000000000000e-003	-1.224647e-014	8.944077e+000	3.152070e+000
