time	V(vin)	V(vout)	V(n002)
0.000000000000000e+000	0.000000e+000	8.538260e+000	3.089747e+000
1.249999976542833e-009	7.853981e-005	8.538260e+000	3.089747e+000
2.499999953085665e-009	1.570796e-004	8.538260e+000	3.089747e+000
3.749999929628498e-009	2.356194e-004	8.538260e+000	3.089748e+000
4.999999906171331e-009	3.141593e-004	8.538261e+000	3.089748e+000
6.249999882714163e-009	3.926991e-004	8.538261e+000	3.089748e+000
7.499999859256997e-009	4.712389e-004	8.538261e+000	3.089748e+000
8.749999835799827e-009	5.497787e-004	8.538261e+000	3.089748e+000
1.749999967159965e-008	1.099557e-003	8.538261e+000	3.089748e+000
3.499999934319931e-008	2.199115e-003	8.538260e+000	3.089748e+000
2.799999947455945e-007	1.759291e-002	8.538260e+000	3.089747e+000
4.449687471476085e-006	2.799470e-001	8.538260e+000	3.089747e+000
8.619374948206575e-006	5.416766e-001	8.538260e+000	3.089747e+000
1.278906242493707e-005	8.027817e-001	8.538260e+000	3.089747e+000
1.695874990166756e-005	1.063262e+000	8.538260e+000	3.089747e+000
2.112843737839805e-005	1.323118e+000	8.538260e+000	3.089747e+000
2.529812485512854e-005	1.582350e+000	8.538260e+000	3.089747e+000
2.946781233185902e-005	1.840957e+000	8.538260e+000	3.089747e+000
4.997562483185902e-005	3.088713e+000	8.538260e+000	3.089747e+000
7.048343733185902e-005	4.285258e+000	8.538260e+000	3.089747e+000
9.099124983185904e-005	5.410750e+000	8.538260e+000	3.089747e+000
1.005397071490965e-004	5.905253e+000	8.538273e+000	3.089749e+000
1.023098265561184e-004	5.994643e+000	8.538463e+000	3.089759e+000
1.055048161420171e-004	6.154102e+000	8.552941e+000	3.091955e+000
1.059446300434514e-004	6.175860e+000	8.563851e+000	3.093701e+000
1.062841475744374e-004	6.192624e+000	8.580243e+000	3.096243e+000
1.070050354000249e-004	6.228126e+000	8.651969e+000	3.108447e+000
1.075655252859989e-004	6.255639e+000	8.730254e+000	3.121728e+000
1.081680346774060e-004	6.285129e+000	8.817159e+000	3.136280e+000
1.083956607752985e-004	6.296247e+000	8.847101e+000	3.141621e+000
1.087092770135418e-004	6.311543e+000	8.876256e+000	3.147071e+000
1.089029514902079e-004	6.320978e+000	8.875427e+000	3.147325e+000
1.091358543003603e-004	6.332311e+000	8.836091e+000	3.141839e+000
1.094115022384773e-004	6.345706e+000	8.728088e+000	3.125227e+000
1.097074861675781e-004	6.360068e+000	8.555478e+000	3.092396e+000
1.098410618188818e-004	6.366542e+000	8.467257e+000	3.078964e+000
1.099524282931329e-004	6.371936e+000	8.383659e+000	3.064905e+000
1.100748053947277e-004	6.377861e+000	8.278205e+000	3.046863e+000
1.101921637884368e-004	6.383538e+000	8.168885e+000	3.029043e+000
1.103187746231838e-004	6.389660e+000	8.044002e+000	3.007674e+000
1.106220894610999e-004	6.404308e+000	7.736495e+000	2.956300e+000
1.112617558292738e-004	6.435125e+000	7.088915e+000	2.848501e+000
1.119014221974476e-004	6.465837e+000	6.451142e+000	2.742180e+000
1.125410885656215e-004	6.496443e+000	5.823178e+000	2.637337e+000
1.131807549337954e-004	6.526945e+000	5.205022e+000	2.533971e+000
1.138204213019692e-004	6.557341e+000	4.596675e+000	2.432082e+000
1.144600876701431e-004	6.587633e+000	3.998135e+000	2.331671e+000
1.150997540383169e-004	6.617819e+000	3.409404e+000	2.232737e+000
1.162038570255589e-004	6.669668e+000	2.447017e+000	2.071529e+000
1.170566549462006e-004	6.709496e+000	1.805140e+000	1.958771e+000
1.174876174271453e-004	6.729550e+000	1.593133e+000	1.928921e+000
1.178863468319607e-004	6.748060e+000	1.497023e+000	1.914631e+000
1.183022003400512e-004	6.767320e+000	1.446120e+000	1.906637e+000
1.187331148850286e-004	6.787229e+000	1.419132e+000	1.903146e+000
1.190066139372443e-004	6.799839e+000	1.409408e+000	1.901446e+000
1.193128828777301e-004	6.813936e+000	1.403071e+000	1.900536e+000
1.194425354668647e-004	6.819896e+000	1.400458e+000	1.900220e+000
1.194785004919686e-004	6.821548e+000	1.398592e+000	1.899955e+000
1.195166144009365e-004	6.823299e+000	1.394520e+000	1.899399e+000
1.195466340160278e-004	6.824678e+000	1.388682e+000	1.898376e+000
1.195789453031286e-004	6.826162e+000	1.378740e+000	1.896907e+000
1.196250836152156e-004	6.828280e+000	1.359215e+000	1.893614e+000
1.196685558023548e-004	6.830275e+000	1.336402e+000	1.889856e+000
1.197310606288579e-004	6.833143e+000	1.298315e+000	1.883527e+000
1.198082924579889e-004	6.836686e+000	1.246627e+000	1.874874e+000
1.199039734831723e-004	6.841072e+000	1.178531e+000	1.863559e+000
1.200385669889957e-004	6.847237e+000	1.078782e+000	1.846884e+000
1.205605016238842e-004	6.871101e+000	6.777742e-001	1.780071e+000
1.209535509670177e-004	6.889023e+000	3.705076e-001	1.728829e+000
1.213377807623886e-004	6.906502e+000	6.918678e-002	1.678421e+000
1.218633088127408e-004	6.930344e+000	-3.406694e-001	1.609988e+000
1.225486712973307e-004	6.961324e+000	-8.677390e-001	1.521801e+000
1.234652594105312e-004	7.002553e+000	-1.555157e+000	1.406518e+000
1.249331989647284e-004	7.068099e+000	-2.614729e+000	1.228528e+000
1.266552056161989e-004	7.144223e+000	-3.772460e+000	1.031297e+000
1.300992189191401e-004	7.293952e+000	-5.835016e+000	6.783805e-001
1.334862040054612e-004	7.437872e+000	-7.624180e+000	3.949834e-001
1.341685169028605e-004	7.466459e+000	-7.914936e+000	3.469388e-001
1.350782674327262e-004	7.504362e+000	-8.252266e+000	2.884382e-001
1.365842181688674e-004	7.566565e+000	-8.733344e+000	2.078676e-001
1.371013828334587e-004	7.587770e+000	-8.848466e+000	1.893861e-001
1.374974302663002e-004	7.603955e+000	-8.884989e+000	1.847066e-001
1.378787227300509e-004	7.619492e+000	-8.890818e+000	1.850909e-001
1.390405752576981e-004	7.666572e+000	-8.890838e+000	1.850172e-001
1.402024277853453e-004	7.713237e+000	-8.890859e+000	1.849610e-001
1.413642803129924e-004	7.759488e+000	-8.890880e+000	1.849223e-001
1.425261328406396e-004	7.805325e+000	-8.890901e+000	1.849012e-001
1.436879853682868e-004	7.850748e+000	-8.890922e+000	1.848976e-001
1.448498378959339e-004	7.895756e+000	-8.890944e+000	1.849116e-001
1.460116904235811e-004	7.940351e+000	-8.890966e+000	1.849431e-001
1.646786831683969e-004	8.597126e+000	-8.891007e+000	1.849426e-001
1.851864956683969e-004	9.182194e+000	-8.891016e+000	1.849360e-001
2.056943081683969e-004	9.615016e+000	-8.891020e+000	1.849405e-001
2.262021206683970e-004	9.888417e+000	-8.891022e+000	1.849353e-001
2.467099331683970e-004	9.997864e+000	-8.891023e+000	1.849398e-001
2.672177456683970e-004	9.941540e+000	-8.891024e+000	1.849350e-001
2.877255581683970e-004	9.720381e+000	-8.891024e+000	1.849395e-001
3.082333706683970e-004	9.338054e+000	-8.891024e+000	1.849351e-001
3.287411831683970e-004	8.800896e+000	-8.891024e+000	1.849395e-001
3.492489956683970e-004	8.117816e+000	-8.891024e+000	1.849352e-001
3.697568081683971e-004	7.300138e+000	-8.891024e+000	1.849395e-001
3.902646206683971e-004	6.361420e+000	-8.891023e+000	1.849354e-001
4.107724331683971e-004	5.317227e+000	-8.891022e+000	1.849396e-001
4.312802456683971e-004	4.184872e+000	-8.891022e+000	1.849356e-001
4.517880581683971e-004	2.983129e+000	-8.891021e+000	1.849398e-001
4.722958706683972e-004	1.731924e+000	-8.891020e+000	1.849359e-001
4.747782389676805e-004	1.577983e+000	-8.891101e+000	1.849242e-001
4.772606072669638e-004	1.423762e+000	-8.891142e+000	1.849185e-001
4.797429755662472e-004	1.269260e+000	-8.891143e+000	1.849187e-001
4.822253438655306e-004	1.114477e+000	-8.891106e+000	1.849248e-001
4.847077121648140e-004	9.594130e-001	-8.891028e+000	1.849368e-001
4.871900804640973e-004	8.040688e-001	-8.890911e+000	1.849547e-001
4.896724487633807e-004	6.484439e-001	-8.890755e+000	1.849786e-001
4.898797597773613e-004	6.354450e-001	-8.890837e+000	1.849629e-001
4.900870707913418e-004	6.224450e-001	-8.890805e+000	1.849663e-001
4.902943818053224e-004	6.094440e-001	-8.890658e+000	1.849888e-001
4.905016928193031e-004	5.964421e-001	-8.890397e+000	1.850305e-001
4.907090038332837e-004	5.834391e-001	-8.890022e+000	1.850913e-001
4.909163148472642e-004	5.704350e-001	-8.889533e+000	1.851713e-001
4.911236258612449e-004	5.574300e-001	-8.888929e+000	1.852704e-001
4.914210045254726e-004	5.387732e-001	-8.886993e+000	1.855962e-001
4.920172621241524e-004	5.013599e-001	-8.882882e+000	1.861745e-001
4.928122722557255e-004	4.514647e-001	-8.872476e+000	1.875918e-001
4.936362922100003e-004	3.997370e-001	-8.852021e+000	1.906919e-001
4.942179738959776e-004	3.632155e-001	-8.821889e+000	1.952290e-001
4.947904710313518e-004	3.272659e-001	-8.763115e+000	2.042645e-001
4.953825878718034e-004	2.900799e-001	-8.662502e+000	2.212729e-001
4.958357449115251e-004	2.616180e-001	-8.554651e+000	2.399937e-001
4.962606081240763e-004	2.349313e-001	-8.431185e+000	2.608567e-001
4.967114560140569e-004	2.066106e-001	-8.284995e+000	2.853044e-001
4.971939701123911e-004	1.762989e-001	-8.115996e+000	3.134165e-001
4.977788929418809e-004	1.395517e-001	-7.895539e+000	3.497877e-001
4.986936637714748e-004	8.207861e-002	-7.517860e+000	4.111962e-001
5.004808156376732e-004	-3.021049e-002	-6.678823e+000	5.454100e-001
5.040551193700699e-004	-2.547631e-001	-4.741584e+000	8.619549e-001
5.078192891648703e-004	-4.911028e-001	-2.420965e+000	1.254112e+000
5.104454939764134e-004	-6.558387e-001	-6.391870e-001	1.557953e+000
5.115421308837731e-004	-7.245780e-001	1.457952e-001	1.690537e+000
5.121765790795479e-004	-7.643309e-001	6.076371e-001	1.768048e+000
5.129108317148337e-004	-8.103220e-001	1.134208e+000	1.856537e+000
5.131822398544003e-004	-8.273179e-001	1.312294e+000	1.886522e+000
5.133155399498374e-004	-8.356643e-001	1.379588e+000	1.897491e+000
5.133698462076712e-004	-8.390645e-001	1.393858e+000	1.899326e+000
5.134145568451577e-004	-8.418639e-001	1.397240e+000	1.899592e+000
5.134950780297985e-004	-8.469051e-001	1.397956e+000	1.899701e+000
5.150279918316805e-004	-9.428341e-001	1.399320e+000	1.899891e+000
5.154828938717147e-004	-9.712852e-001	1.415116e+000	1.900129e+000
5.157275559307679e-004	-9.865839e-001	1.474751e+000	1.907616e+000
5.158894803221250e-004	-9.967078e-001	1.568928e+000	1.928270e+000
5.160261064631487e-004	-1.005249e+000	1.669671e+000	1.944620e+000
5.161701165987339e-004	-1.014251e+000	1.778364e+000	1.962478e+000
5.163091400948329e-004	-1.022941e+000	1.887312e+000	1.981269e+000
5.165871870870311e-004	-1.040318e+000	2.108625e+000	2.017387e+000
5.168972269024624e-004	-1.059691e+000	2.359894e+000	2.059875e+000
5.172776628158310e-004	-1.083457e+000	2.674024e+000	2.111599e+000
5.178412813927225e-004	-1.118654e+000	3.147775e+000	2.190891e+000
5.185360026200005e-004	-1.162020e+000	3.743380e+000	2.289508e+000
5.195451637732945e-004	-1.224974e+000	4.629101e+000	2.436899e+000
5.210714044065817e-004	-1.320091e+000	6.006631e+000	2.665168e+000
5.230797448797613e-004	-1.445066e+000	7.861015e+000	2.976554e+000
5.231580954302902e-004	-1.449937e+000	7.934625e+000	2.988891e+000
5.233147965313482e-004	-1.459678e+000	8.080970e+000	3.013613e+000
5.234993565206772e-004	-1.471149e+000	8.244575e+000	3.041213e+000
5.237027313502533e-004	-1.483787e+000	8.408998e+000	3.068844e+000
5.238038197055811e-004	-1.490068e+000	8.473810e+000	3.080037e+000
5.238960838990900e-004	-1.495800e+000	8.507004e+000	3.085732e+000
5.240155744377291e-004	-1.503223e+000	8.521309e+000	3.087289e+000
5.240904401411609e-004	-1.507874e+000	8.522706e+000	3.087047e+000
5.242089246249946e-004	-1.515233e+000	8.522749e+000	3.087226e+000
5.244076728883341e-004	-1.527575e+000	8.523368e+000	3.087239e+000
5.245371135435499e-004	-1.535612e+000	8.528663e+000	3.088147e+000
5.246987848397866e-004	-1.545649e+000	8.535984e+000	3.089389e+000
5.249510289774812e-004	-1.561306e+000	8.538072e+000	3.089728e+000
5.340005111799683e-004	-2.124349e+000	8.538164e+000	3.089737e+000
5.430499933824556e-004	-2.676203e+000	8.538235e+000	3.089744e+000
5.520994755849428e-004	-3.216869e+000	8.538283e+000	3.089749e+000
5.611489577874300e-004	-3.746345e+000	8.538310e+000	3.089752e+000
5.701984399899172e-004	-4.264632e+000	8.538315e+000	3.089753e+000
5.792479221924044e-004	-4.771730e+000	8.538298e+000	3.089752e+000
5.882974043948916e-004	-5.267639e+000	8.538260e+000	3.089750e+000
6.088052168948916e-004	-6.316218e+000	8.538260e+000	3.089744e+000
6.293130293948916e-004	-7.260071e+000	8.538260e+000	3.089750e+000
6.498208418948917e-004	-8.083549e+000	8.538260e+000	3.089745e+000
6.703286543948917e-004	-8.772996e+000	8.538260e+000	3.089750e+000
6.908364668948917e-004	-9.316984e+000	8.538260e+000	3.089745e+000
7.113442793948917e-004	-9.706491e+000	8.538260e+000	3.089750e+000
7.318520918948917e-004	-9.935060e+000	8.538260e+000	3.089745e+000
7.523599043948917e-004	-9.998900e+000	8.538260e+000	3.089750e+000
7.728677168948918e-004	-9.896955e+000	8.538260e+000	3.089745e+000
7.933755293948918e-004	-9.630913e+000	8.538260e+000	3.089750e+000
8.138833418948918e-004	-9.205185e+000	8.538260e+000	3.089745e+000
8.343911543948918e-004	-8.626830e+000	8.538260e+000	3.089750e+000
8.548989668948918e-004	-7.905439e+000	8.538260e+000	3.089745e+000
8.754067793948919e-004	-7.052972e+000	8.538260e+000	3.089750e+000
8.959145918948919e-004	-6.083563e+000	8.538260e+000	3.089745e+000
9.164224043948919e-004	-5.013285e+000	8.538260e+000	3.089750e+000
9.369302168948919e-004	-3.859885e+000	8.538260e+000	3.089745e+000
9.574380293948919e-004	-2.642486e+000	8.538260e+000	3.089750e+000
9.779458418948919e-004	-1.381273e+000	8.538260e+000	3.089745e+000
9.984536543948916e-004	-9.715823e-002	8.538260e+000	3.089749e+000
1.012125529394891e-003	7.611327e-001	8.538260e+000	3.089749e+000
1.032633341894891e-003	2.036076e+000	8.538260e+000	3.089745e+000
1.053141154394891e-003	3.277261e+000	8.538260e+000	3.089749e+000
1.073648966894891e-003	4.464107e+000	8.538260e+000	3.089745e+000
1.094156779394890e-003	5.576935e+000	8.538261e+000	3.089749e+000
1.100992716894890e-003	5.928200e+000	8.538441e+000	3.089747e+000
1.103466351504464e-003	6.052646e+000	8.540203e+000	3.089845e+000
1.105547265720262e-003	6.156204e+000	8.553690e+000	3.092069e+000
1.105960814955049e-003	6.176660e+000	8.564266e+000	3.093775e+000
1.106296182366265e-003	6.193218e+000	8.580965e+000	3.096359e+000
1.107017003604603e-003	6.228714e+000	8.653561e+000	3.108719e+000
1.107586195008744e-003	6.256652e+000	8.733229e+000	3.122229e+000
1.108309104366842e-003	6.292021e+000	8.837031e+000	3.139613e+000
1.108549364243452e-003	6.303747e+000	8.866427e+000	3.144834e+000
1.108734502523614e-003	6.312773e+000	8.879857e+000	3.147491e+000
1.108933973946550e-003	6.322488e+000	8.872252e+000	3.147113e+000
1.109207744629344e-003	6.335806e+000	8.812533e+000	3.138890e+000
1.109515250221889e-003	6.350742e+000	8.676515e+000	3.115764e+000
1.109707491920762e-003	6.360068e+000	8.557953e+000	3.092492e+000
1.109823675587762e-003	6.365700e+000	8.480968e+000	3.080997e+000
1.109916850574226e-003	6.370214e+000	8.413665e+000	3.069853e+000
1.110019293551203e-003	6.375174e+000	8.328275e+000	3.055192e+000
1.110124312591208e-003	6.380256e+000	8.233739e+000	3.039667e+000
1.110240145626157e-003	6.385859e+000	8.122924e+000	3.021110e+000
1.110383874592182e-003	6.392806e+000	7.979026e+000	2.997023e+000
1.111027513168559e-003	6.423852e+000	7.324947e+000	2.887999e+000
1.111671151744936e-003	6.454793e+000	6.680287e+000	2.780457e+000
1.112314790321314e-003	6.485627e+000	6.045045e+000	2.674397e+000
1.112958428897691e-003	6.516355e+000	5.419222e+000	2.569819e+000
1.113602067474068e-003	6.546977e+000	4.802818e+000	2.466721e+000
1.114245706050445e-003	6.577492e+000	4.195832e+000	2.365106e+000
1.114889344626823e-003	6.607902e+000	3.598265e+000	2.264972e+000
1.115882720818713e-003	6.654620e+000	2.715616e+000	2.117477e+000
1.116911885956627e-003	6.702748e+000	1.898602e+000	1.973406e+000
1.117385242643677e-003	6.724791e+000	1.640544e+000	1.936244e+000
1.117831079957322e-003	6.745497e+000	1.517748e+000	1.916990e+000
1.118368155161398e-003	6.770370e+000	1.446739e+000	1.906120e+000
1.118907184182656e-003	6.795257e+000	1.414397e+000	1.902410e+000
1.119171279001834e-003	6.807421e+000	1.406287e+000	1.900900e+000
1.119431387797018e-003	6.819384e+000	1.400850e+000	1.900250e+000
1.119489758706198e-003	6.822066e+000	1.397805e+000	1.899937e+000
1.119527633496376e-003	6.823805e+000	1.392993e+000	1.899167e+000
1.119560296970387e-003	6.825305e+000	1.385353e+000	1.897848e+000
1.119594637862252e-003	6.826882e+000	1.373368e+000	1.896038e+000
1.119637808926806e-003	6.828864e+000	1.353525e+000	1.892597e+000
1.119731693933447e-003	6.833172e+000	1.298985e+000	1.883543e+000
1.119854922210724e-003	6.838823e+000	1.214885e+000	1.869537e+000
1.120049616819444e-003	6.847744e+000	1.071617e+000	1.845677e+000
1.120397984610656e-003	6.863678e+000	8.050021e-001	1.801280e+000
1.120691334228463e-003	6.877071e+000	5.766641e-001	1.763160e+000
1.120990783882715e-003	6.890718e+000	3.420001e-001	1.724035e+000
1.121506729469685e-003	6.914175e+000	-6.230838e-002	1.656421e+000
1.122141015380585e-003	6.942913e+000	-5.547319e-001	1.574154e+000
1.122941259525032e-003	6.979012e+000	-1.165393e+000	1.472106e+000
1.123814370443360e-003	7.018196e+000	-1.811967e+000	1.363494e+000
1.125560592280017e-003	7.095931e+000	-3.049303e+000	1.155248e+000
1.127420294325468e-003	7.177777e+000	-4.263433e+000	9.479557e-001
1.131139698416371e-003	7.338519e+000	-6.372561e+000	5.839552e-001
1.134929345014638e-003	7.498174e+000	-8.211767e+000	2.973721e-001
1.135324587842477e-003	7.514582e+000	-8.357854e+000	2.735885e-001
1.135851578279594e-003	7.536387e+000	-8.526662e+000	2.440728e-001
1.136896703631153e-003	7.579387e+000	-8.808208e+000	1.955798e-001
1.137292494687216e-003	7.595586e+000	-8.870156e+000	1.860735e-001
1.137802412654628e-003	7.616386e+000	-8.890412e+000	1.846597e-001
1.138628017895880e-003	7.649900e+000	-8.890684e+000	1.848391e-001
1.139453623137131e-003	7.683205e+000	-8.890890e+000	1.849727e-001
1.140279228378383e-003	7.716303e+000	-8.891031e+000	1.850603e-001
1.141104833619634e-003	7.749193e+000	-8.891107e+000	1.851020e-001
1.141930438860886e-003	7.781875e+000	-8.891118e+000	1.850978e-001
1.142756044102137e-003	7.814350e+000	-8.891064e+000	1.850477e-001
1.143581649343389e-003	7.846616e+000	-8.890944e+000	1.849517e-001
1.159828335853323e-003	8.437495e+000	-8.891004e+000	1.849386e-001
1.180336148353323e-003	9.057243e+000	-8.891015e+000	1.849403e-001
1.200843960853323e-003	9.526818e+000	-8.891019e+000	1.849369e-001
1.221351773353322e-003	9.838433e+000	-8.891021e+000	1.849387e-001
1.241859585853322e-003	9.986922e+000	-8.891022e+000	1.849368e-001
1.262367398353322e-003	9.969824e+000	-8.891024e+000	1.849379e-001
1.282875210853321e-003	9.787420e+000	-8.891024e+000	1.849369e-001
1.303383023353321e-003	9.442737e+000	-8.891024e+000	1.849375e-001
1.323890835853321e-003	8.941487e+000	-8.891024e+000	1.849372e-001
1.344398648353320e-003	8.291985e+000	-8.891024e+000	1.849374e-001
1.364906460853320e-003	7.504996e+000	-8.891024e+000	1.849374e-001
1.385414273353320e-003	6.593571e+000	-8.891023e+000	1.849373e-001
1.405922085853320e-003	5.572822e+000	-8.891023e+000	1.849377e-001
1.426429898353319e-003	4.459672e+000	-8.891022e+000	1.849374e-001
1.446937710853319e-003	3.272579e+000	-8.891022e+000	1.849380e-001
1.467445523353319e-003	2.031224e+000	-8.891020e+000	1.849376e-001
1.470655931112604e-003	1.833040e+000	-8.891135e+000	1.849196e-001
1.473866338871889e-003	1.634336e+000	-8.891195e+000	1.849102e-001
1.477076746631174e-003	1.435112e+000	-8.891200e+000	1.849095e-001
1.480287154390459e-003	1.235369e+000	-8.891150e+000	1.849173e-001
1.483497562149744e-003	1.035107e+000	-8.891046e+000	1.849337e-001
1.486707969909030e-003	8.343249e-001	-8.890886e+000	1.849587e-001
1.489918377668315e-003	6.330235e-001	-8.890672e+000	1.849923e-001
1.490808528438784e-003	5.771962e-001	-8.890089e+000	1.850813e-001
1.491151935107299e-003	5.556540e-001	-8.888774e+000	1.853009e-001
1.491337496263819e-003	5.440125e-001	-8.887453e+000	1.855233e-001
1.492050316177848e-003	4.992857e-001	-8.882583e+000	1.862152e-001
1.492863522454193e-003	4.482479e-001	-8.871732e+000	1.877225e-001
1.493638468689903e-003	3.996004e-001	-8.852124e+000	1.906927e-001
1.494223322622094e-003	3.628797e-001	-8.821507e+000	1.952867e-001
1.494794486915382e-003	3.270137e-001	-8.762645e+000	2.043480e-001
1.495384934274142e-003	2.899325e-001	-8.662035e+000	2.213552e-001
1.495838653382881e-003	2.614353e-001	-8.553925e+000	2.401224e-001
1.496259190335903e-003	2.350204e-001	-8.431674e+000	2.607805e-001
1.496711239092590e-003	2.066242e-001	-8.285083e+000	2.852885e-001
1.497193106344545e-003	1.763532e-001	-8.116330e+000	3.133615e-001
1.497778497062262e-003	1.395766e-001	-7.895719e+000	3.497582e-001
1.498691648413916e-003	8.220523e-002	-7.518752e+000	4.110514e-001
1.500479050330746e-003	-3.009957e-002	-6.679680e+000	5.452638e-001
1.504053854164405e-003	-2.546836e-001	-4.742467e+000	8.618267e-001
1.507811937229107e-003	-4.906414e-001	-2.425970e+000	1.253286e+000
1.510438881273070e-003	-6.554241e-001	-6.439293e-001	1.557155e+000
1.511538183597984e-003	-7.243306e-001	1.428768e-001	1.690048e+000
1.512171897502382e-003	-7.640375e-001	6.041847e-001	1.767470e+000
1.512908841774327e-003	-8.101974e-001	1.132792e+000	1.856298e+000
1.513181292936751e-003	-8.272586e-001	1.311704e+000	1.886423e+000
1.513315141767453e-003	-8.356394e-001	1.379417e+000	1.897466e+000
1.513369719139930e-003	-8.390566e-001	1.393837e+000	1.899324e+000
1.513414045882216e-003	-8.418319e-001	1.397231e+000	1.899591e+000
1.513494614848962e-003	-8.468761e-001	1.397955e+000	1.899701e+000
1.515013282815903e-003	-9.419140e-001	1.399271e+000	1.899887e+000
1.515460910864876e-003	-9.699105e-001	1.413056e+000	1.900106e+000
1.515718804511952e-003	-9.860368e-001	1.470851e+000	1.906785e+000
1.515877486012391e-003	-9.959579e-001	1.560275e+000	1.926746e+000
1.516011377004876e-003	-1.004328e+000	1.658535e+000	1.942817e+000
1.516153541192398e-003	-1.013215e+000	1.765520e+000	1.960291e+000
1.516291019948212e-003	-1.021809e+000	1.873043e+000	1.978926e+000
1.516565977459840e-003	-1.038993e+000	2.091450e+000	2.014518e+000
1.516839323624325e-003	-1.056073e+000	2.312428e+000	2.052014e+000
1.517197050778105e-003	-1.078421e+000	2.606873e+000	2.100430e+000
1.517689991121555e-003	-1.109208e+000	3.019374e+000	2.169594e+000
1.518294406932423e-003	-1.146942e+000	3.534522e+000	2.254823e+000
1.519163251504160e-003	-1.201155e+000	4.290662e+000	2.380853e+000
1.520389997226221e-003	-1.277640e+000	5.384724e+000	2.562212e+000
1.522042143741473e-003	-1.380526e+000	6.888520e+000	2.814373e+000
1.522232167860142e-003	-1.392350e+000	7.064387e+000	2.843800e+000
1.522612216097481e-003	-1.415992e+000	7.420863e+000	2.903033e+000
1.523372312572159e-003	-1.463253e+000	8.136634e+000	3.022759e+000
1.523414443442829e-003	-1.465872e+000	8.174773e+000	3.028941e+000
1.523667228666846e-003	-1.481581e+000	8.383383e+000	3.064332e+000
1.523775002608731e-003	-1.488278e+000	8.458186e+000	3.077168e+000
1.523864857970336e-003	-1.493860e+000	8.497473e+000	3.084428e+000
1.523997141818619e-003	-1.502078e+000	8.519612e+000	3.087305e+000
1.524089228322765e-003	-1.507798e+000	8.522629e+000	3.087002e+000
1.524432913117893e-003	-1.529142e+000	8.523738e+000	3.087288e+000
1.524518524609650e-003	-1.534458e+000	8.527505e+000	3.087923e+000
1.524607108235602e-003	-1.539958e+000	8.532796e+000	3.088867e+000
1.524797384854153e-003	-1.551769e+000	8.537403e+000	3.089621e+000
1.533239435702770e-003	-2.076782e+000	8.537831e+000	3.089684e+000
1.541681486551386e-003	-2.592437e+000	8.538157e+000	3.089732e+000
1.550123537400002e-003	-3.098735e+000	8.538381e+000	3.089765e+000
1.558565588248619e-003	-3.595676e+000	8.538504e+000	3.089783e+000
1.567007639097236e-003	-4.083259e+000	8.538524e+000	3.089786e+000
1.575449689945852e-003	-4.561485e+000	8.538443e+000	3.089774e+000
1.583891740794468e-003	-5.030354e+000	8.538260e+000	3.089748e+000
1.604399553294468e-003	-6.099216e+000	8.538260e+000	3.089746e+000
1.624907365794468e-003	-7.066951e+000	8.538260e+000	3.089748e+000
1.645415178294467e-003	-7.917512e+000	8.538260e+000	3.089746e+000
1.665922990794467e-003	-8.636796e+000	8.538260e+000	3.089748e+000
1.686430803294467e-003	-9.212878e+000	8.538260e+000	3.089746e+000
1.706938615794467e-003	-9.636207e+000	8.538261e+000	3.089748e+000
1.727446428294466e-003	-9.899762e+000	8.538261e+000	3.089746e+000
1.747954240794466e-003	-9.999174e+000	8.538261e+000	3.089748e+000
1.768462053294466e-003	-9.932795e+000	8.538260e+000	3.089746e+000
1.788969865794465e-003	-9.701725e+000	8.538260e+000	3.089748e+000
1.809477678294465e-003	-9.309796e+000	8.538260e+000	3.089746e+000
1.829985490794465e-003	-8.763506e+000	8.538260e+000	3.089748e+000
1.850493303294464e-003	-8.071913e+000	8.538260e+000	3.089747e+000
1.871001115794464e-003	-7.246483e+000	8.538260e+000	3.089748e+000
1.891508928294464e-003	-6.300903e+000	8.538260e+000	3.089747e+000
1.912016740794463e-003	-5.250851e+000	8.538260e+000	3.089748e+000
1.932524553294463e-003	-4.113738e+000	8.538260e+000	3.089747e+000
1.953032365794463e-003	-2.908416e+000	8.538261e+000	3.089748e+000
1.973540178294463e-003	-1.654872e+000	8.538261e+000	3.089747e+000
1.994047990794464e-003	-3.738886e-001	8.538261e+000	3.089748e+000
2.007719865794464e-003	4.848633e-001	8.538261e+000	3.089748e+000
2.028227678294464e-003	1.764313e+000	8.538260e+000	3.089747e+000
2.048735490794464e-003	3.014510e+000	8.538260e+000	3.089748e+000
2.069243303294465e-003	4.214725e+000	8.538260e+000	3.089747e+000
2.089751115794465e-003	5.345058e+000	8.538260e+000	3.089748e+000
2.100201495177362e-003	5.888090e+000	8.538270e+000	3.089749e+000
2.101939991264331e-003	5.976027e+000	8.538292e+000	3.089756e+000
2.104596038950220e-003	6.108995e+000	8.543370e+000	3.090355e+000
2.105325802689106e-003	6.145233e+000	8.549801e+000	3.091454e+000
2.105810139474420e-003	6.169212e+000	8.559286e+000	3.092993e+000
2.106159244278856e-003	6.186460e+000	8.572631e+000	3.095083e+000
2.106869392115090e-003	6.221455e+000	8.634770e+000	3.105502e+000
2.107412870072207e-003	6.248153e+000	8.708385e+000	3.118047e+000
2.107801693205038e-003	6.267209e+000	8.763048e+000	3.127450e+000
2.108579339470701e-003	6.305209e+000	8.861226e+000	3.144785e+000
2.108820554310640e-003	6.316965e+000	8.874258e+000	3.147038e+000
2.109013152014183e-003	6.326342e+000	8.855489e+000	3.144386e+000
2.109274545403194e-003	6.339053e+000	8.777799e+000	3.132951e+000
2.109555638503195e-003	6.352702e+000	8.635371e+000	3.107825e+000
2.109706631216201e-003	6.360026e+000	8.538485e+000	3.089355e+000
2.109834565668003e-003	6.366227e+000	8.451523e+000	3.076292e+000
2.109925602050925e-003	6.370637e+000	8.382600e+000	3.064517e+000
2.110024507321057e-003	6.375426e+000	8.297336e+000	3.050036e+000
2.110138354241082e-003	6.380936e+000	8.192508e+000	3.032859e+000
2.110251169266370e-003	6.386392e+000	8.082585e+000	3.014254e+000
2.110408020053204e-003	6.393972e+000	7.924387e+000	2.987911e+000
2.111096624959299e-003	6.427180e+000	7.225318e+000	2.871354e+000
2.111785229865393e-003	6.460266e+000	6.537414e+000	2.756551e+000
2.112473834771488e-003	6.493230e+000	5.860675e+000	2.643503e+000
2.113162439677583e-003	6.526073e+000	5.195102e+000	2.532208e+000
2.113851044583677e-003	6.558794e+000	4.540695e+000	2.422669e+000
2.114539649489772e-003	6.591393e+000	3.897452e+000	2.314883e+000
2.115228254395867e-003	6.623870e+000	3.265376e+000	2.208853e+000
2.116182007036791e-003	6.668645e+000	2.440554e+000	2.070419e+000
2.117056616297003e-003	6.709494e+000	1.787715e+000	1.956312e+000
2.117457807234038e-003	6.728164e+000	1.591028e+000	1.928950e+000
2.117833617019712e-003	6.745615e+000	1.500032e+000	1.915254e+000
2.118232001640743e-003	6.764071e+000	1.449303e+000	1.907208e+000
2.118642846712599e-003	6.783062e+000	1.422653e+000	1.903533e+000
2.119089338679765e-003	6.803648e+000	1.407399e+000	1.901036e+000
2.119329265521912e-003	6.814689e+000	1.401722e+000	1.900635e+000
2.119471236803032e-003	6.821215e+000	1.393947e+000	1.899646e+000
2.119534206718733e-003	6.824107e+000	1.382111e+000	1.897735e+000
2.119592921883114e-003	6.826804e+000	1.360013e+000	1.893918e+000
2.119647154843441e-003	6.829293e+000	1.331695e+000	1.889074e+000
2.119715398549913e-003	6.832425e+000	1.289671e+000	1.882124e+000
2.119787338752068e-003	6.835724e+000	1.241001e+000	1.873891e+000
2.120005876537331e-003	6.845740e+000	1.081954e+000	1.847339e+000
2.120517145821433e-003	6.869122e+000	6.894938e-001	1.782014e+000
2.120759788065890e-003	6.880193e+000	4.999016e-001	1.750311e+000
2.121050228361649e-003	6.893425e+000	2.719470e-001	1.712378e+000
2.121405232988490e-003	6.909566e+000	-6.612029e-003	1.665767e+000
2.121830699139228e-003	6.928867e+000	-3.385877e-001	1.610471e+000
2.122332335721378e-003	6.951559e+000	-7.260202e-001	1.545684e+000
2.122921364904521e-003	6.978116e+000	-1.174369e+000	1.470942e+000
2.123614085806112e-003	7.009226e+000	-1.691712e+000	1.384436e+000
2.124439870762692e-003	7.046138e+000	-2.293473e+000	1.283936e+000
2.125439363124462e-003	7.090561e+000	-2.998810e+000	1.165827e+000
2.126651582515904e-003	7.144063e+000	-3.818682e+000	1.028531e+000
2.128117652670806e-003	7.208216e+000	-4.754730e+000	8.712620e-001
2.129897096955770e-003	7.285259e+000	-5.802330e+000	6.947042e-001
2.132069027955149e-003	7.378059e+000	-6.933077e+000	5.022010e-001
2.134704331303812e-003	7.488812e+000	-8.103606e+000	3.093623e-001
2.136044046786856e-003	7.544331e+000	-8.593490e+000	2.322052e-001
2.136729819529841e-003	7.572543e+000	-8.789393e+000	1.999944e-001
2.137118500339461e-003	7.588470e+000	-8.860707e+000	1.878336e-001
2.137493275386167e-003	7.603785e+000	-8.887729e+000	1.847125e-001
2.137792134015778e-003	7.615968e+000	-8.891062e+000	1.850248e-001
2.138972654799635e-003	7.663832e+000	-8.890940e+000	1.849936e-001
2.140153175583491e-003	7.711268e+000	-8.890852e+000	1.849701e-001
2.141333696367348e-003	7.758277e+000	-8.890799e+000	1.849543e-001
2.142514217151204e-003	7.804858e+000	-8.890780e+000	1.849462e-001
2.143694737935061e-003	7.851011e+000	-8.890795e+000	1.849457e-001
2.144875258718917e-003	7.896736e+000	-8.890844e+000	1.849530e-001
2.146055779502774e-003	7.942034e+000	-8.890927e+000	1.849679e-001
2.176604754760246e-003	8.967076e+000	-8.890956e+000	1.849586e-001
2.207153730017718e-003	9.639350e+000	-8.890978e+000	1.849506e-001
2.237702705275190e-003	9.958855e+000	-8.890993e+000	1.849439e-001
2.268251680532663e-003	9.925592e+000	-8.891003e+000	1.849385e-001
2.298800655790135e-003	9.539560e+000	-8.891006e+000	1.849345e-001
2.329349631047607e-003	8.800760e+000	-8.891003e+000	1.849317e-001
2.359898606305079e-003	7.709192e+000	-8.890994e+000	1.849302e-001
2.380406418805079e-003	6.826834e+000	-8.890994e+000	1.849538e-001
2.400914231305080e-003	5.831284e+000	-8.890994e+000	1.849308e-001
2.421422043805080e-003	4.739048e+000	-8.890994e+000	1.849534e-001
2.441929856305081e-003	3.568236e+000	-8.890994e+000	1.849314e-001
2.462437668805081e-003	2.338262e+000	-8.890993e+000	1.849531e-001
2.482945481305081e-003	1.069517e+000	-8.890996e+000	1.849324e-001
2.485572059057744e-003	9.052931e-001	-8.890833e+000	1.849508e-001
2.486228703495909e-003	8.641968e-001	-8.890861e+000	1.849399e-001
2.487541992372241e-003	7.819606e-001	-8.890987e+000	1.849426e-001
2.487988073413345e-003	7.540147e-001	-8.891025e+000	1.849373e-001
2.488434154454450e-003	7.260634e-001	-8.891013e+000	1.849393e-001
2.488880235495554e-003	6.981068e-001	-8.890951e+000	1.849488e-001
2.489326316536658e-003	6.701448e-001	-8.890840e+000	1.849657e-001
2.489772397577762e-003	6.421775e-001	-8.890678e+000	1.849900e-001
2.490218478618867e-003	6.142048e-001	-8.890467e+000	1.850218e-001
2.490664559659971e-003	5.862267e-001	-8.890206e+000	1.850609e-001
2.491089387952865e-003	5.595778e-001	-8.889245e+000	1.852033e-001
2.491381003656535e-003	5.412828e-001	-8.887222e+000	1.855593e-001
2.492106765252858e-003	4.957433e-001	-8.882176e+000	1.862881e-001
2.492881363702531e-003	4.471280e-001	-8.871367e+000	1.877669e-001
2.493684596709807e-003	3.967044e-001	-8.850188e+000	1.909653e-001
2.494263647353096e-003	3.603476e-001	-8.818434e+000	1.957454e-001
2.494836631530792e-003	3.243671e-001	-8.757138e+000	2.052855e-001
2.495408024461587e-003	2.884823e-001	-8.657156e+000	2.222137e-001
2.495868269915634e-003	2.595751e-001	-8.545680e+000	2.414994e-001
2.496291363317449e-003	2.329994e-001	-8.421730e+000	2.624647e-001
2.496727155968995e-003	2.056244e-001	-8.279702e+000	2.862003e-001
2.497217987568252e-003	1.747901e-001	-8.107162e+000	3.148738e-001
2.497812526276577e-003	1.374387e-001	-7.882276e+000	3.519626e-001
2.498753089084939e-003	7.834492e-002	-7.491932e+000	4.153787e-001
2.500602659626906e-003	-3.786613e-002	-6.617098e+000	5.552074e-001
2.504301800710842e-003	-2.702572e-001	-4.594344e+000	8.859164e-001
2.508130691669318e-003	-5.106443e-001	-2.210266e+000	1.288853e+000
2.510881123759527e-003	-6.831487e-001	-3.275611e-001	1.610188e+000
2.511853356734740e-003	-7.440801e-001	3.719126e-001	1.728415e+000
2.512579471379688e-003	-7.895688e-001	8.994699e-001	1.816935e+000
2.513025430065881e-003	-8.174986e-001	1.212986e+000	1.869602e+000
2.513226477208359e-003	-8.300878e-001	1.338523e+000	1.890670e+000
2.513323976859059e-003	-8.361926e-001	1.383730e+000	1.897850e+000
2.513366037755203e-003	-8.388261e-001	1.393560e+000	1.899231e+000
2.513418426025049e-003	-8.421061e-001	1.397209e+000	1.899600e+000
2.513494104799281e-003	-8.468441e-001	1.397953e+000	1.899695e+000
2.514948690827964e-003	-9.378735e-001	1.399122e+000	1.899865e+000
2.515400118426986e-003	-9.661087e-001	1.411952e+000	1.900060e+000
2.515721013411505e-003	-9.861749e-001	1.476393e+000	1.906864e+000
2.515884689492722e-003	-9.964083e-001	1.565362e+000	1.927685e+000
2.516021881797350e-003	-1.004985e+000	1.665785e+000	1.944033e+000
2.516152755576180e-003	-1.013166e+000	1.764018e+000	1.959994e+000
2.516288484010794e-003	-1.021650e+000	1.870221e+000	1.978537e+000
2.516530269987626e-003	-1.036761e+000	2.061874e+000	2.009560e+000
2.516772070023278e-003	-1.051871e+000	2.256725e+000	2.042821e+000
2.517075547904227e-003	-1.070831e+000	2.505314e+000	2.083519e+000
2.517474111934418e-003	-1.095726e+000	2.836648e+000	2.139284e+000
2.517950049244010e-003	-1.125445e+000	3.238659e+000	2.205665e+000
2.518608842354803e-003	-1.166566e+000	3.804782e+000	2.300270e+000
2.519496960017319e-003	-1.221968e+000	4.583371e+000	2.429281e+000
2.520698606653683e-003	-1.296869e+000	5.663427e+000	2.608840e+000
2.522578165916689e-003	-1.413875e+000	7.387835e+000	2.897424e+000
2.523002757409999e-003	-1.440279e+000	7.786842e+000	2.964188e+000
2.523390299929141e-003	-1.464371e+000	8.147315e+000	3.025285e+000
2.523585447222852e-003	-1.476499e+000	8.315923e+000	3.053187e+000
2.523762867507739e-003	-1.487524e+000	8.448737e+000	3.075765e+000
2.523852249937523e-003	-1.493077e+000	8.494237e+000	3.083777e+000
2.523959429723310e-003	-1.499736e+000	8.517381e+000	3.086884e+000
2.524052294381638e-003	-1.505504e+000	8.522327e+000	3.087167e+000
2.524282004991033e-003	-1.519771e+000	8.522850e+000	3.087180e+000
2.524411849010881e-003	-1.527834e+000	8.523352e+000	3.087231e+000
2.524532409489435e-003	-1.535320e+000	8.528292e+000	3.088066e+000
2.524625904258707e-003	-1.541125e+000	8.532222e+000	3.088742e+000
2.524719399027979e-003	-1.546929e+000	8.535316e+000	3.089273e+000
2.524812893797252e-003	-1.552732e+000	8.537574e+000	3.089658e+000
2.524906388566524e-003	-1.558535e+000	8.538995e+000	3.089898e+000
2.524999883335796e-003	-1.564337e+000	8.539580e+000	3.089992e+000
2.525093378105069e-003	-1.570139e+000	8.539328e+000	3.089941e+000
2.525186872874341e-003	-1.575941e+000	8.538240e+000	3.089744e+000
2.534089327912882e-003	-2.129616e+000	8.538250e+000	3.089746e+000
2.542991782951425e-003	-2.672507e+000	8.538257e+000	3.089747e+000
2.551894237989967e-003	-3.204614e+000	8.538263e+000	3.089748e+000
2.560796693028508e-003	-3.725937e+000	8.538265e+000	3.089748e+000
2.569699148067050e-003	-4.236476e+000	8.538266e+000	3.089748e+000
2.578601603105593e-003	-4.736232e+000	8.538264e+000	3.089747e+000
2.587504058144135e-003	-5.225203e+000	8.538260e+000	3.089746e+000
2.608011870644135e-003	-6.277494e+000	8.538260e+000	3.089748e+000
2.628519683144135e-003	-7.225701e+000	8.538260e+000	3.089746e+000
2.649027495644136e-003	-8.054103e+000	8.538260e+000	3.089748e+000
2.669535308144136e-003	-8.748963e+000	8.538260e+000	3.089746e+000
2.690043120644136e-003	-9.298762e+000	8.538260e+000	3.089748e+000
2.710550933144137e-003	-9.694383e+000	8.538260e+000	3.089746e+000
2.731058745644137e-003	-9.929265e+000	8.538260e+000	3.089748e+000
2.751566558144137e-003	-9.999516e+000	8.538260e+000	3.089746e+000
2.772074370644138e-003	-9.903970e+000	8.538260e+000	3.089748e+000
2.792582183144138e-003	-9.644210e+000	8.538260e+000	3.089746e+000
2.813089995644138e-003	-9.224545e+000	8.538260e+000	3.089748e+000
2.833597808144139e-003	-8.651934e+000	8.538260e+000	3.089746e+000
2.854105620644139e-003	-7.935868e+000	8.538260e+000	3.089748e+000
2.874613433144139e-003	-7.088222e+000	8.538260e+000	3.089746e+000
2.895121245644140e-003	-6.123049e+000	8.538260e+000	3.089748e+000
2.915629058144140e-003	-5.056354e+000	8.538260e+000	3.089746e+000
2.936136870644140e-003	-3.905821e+000	8.538260e+000	3.089748e+000
2.956644683144141e-003	-2.690529e+000	8.538260e+000	3.089746e+000
2.977152495644141e-003	-1.430625e+000	8.538260e+000	3.089748e+000
2.997660308144141e-003	-1.470019e-001	8.538260e+000	3.089746e+000
3.011332183144142e-003	7.114206e-001	8.538260e+000	3.089746e+000
3.031839995644142e-003	1.987248e+000	8.538260e+000	3.089748e+000
3.052347808144142e-003	3.230126e+000	8.538260e+000	3.089746e+000
3.072855620644143e-003	4.419446e+000	8.538260e+000	3.089748e+000
3.093363433144143e-003	5.535491e+000	8.538261e+000	3.089746e+000
3.100199370644143e-003	5.887982e+000	8.538274e+000	3.089749e+000
3.102322307360653e-003	5.995270e+000	8.538672e+000	3.089758e+000
3.104927151155592e-003	6.125453e+000	8.546209e+000	3.090828e+000
3.105575878198481e-003	6.157621e+000	8.554531e+000	3.092204e+000
3.105998000127441e-003	6.178497e+000	8.566010e+000	3.094032e+000
3.107015334732015e-003	6.228631e+000	8.653230e+000	3.108712e+000
3.107601013887571e-003	6.257379e+000	8.735394e+000	3.122591e+000
3.108209848710171e-003	6.287172e+000	8.822988e+000	3.137272e+000
3.108438872093136e-003	6.298356e+000	8.852730e+000	3.142583e+000
3.108722983638975e-003	6.312212e+000	8.877594e+000	3.147274e+000
3.108915397696475e-003	6.321584e+000	8.874793e+000	3.147297e+000
3.109160689860707e-003	6.333518e+000	8.829803e+000	3.141003e+000
3.109439674254704e-003	6.347074e+000	8.718430e+000	3.123063e+000
3.109682585930011e-003	6.358860e+000	8.575939e+000	3.096027e+000
3.109809389015998e-003	6.365007e+000	8.491592e+000	3.082717e+000
3.109931084593848e-003	6.370903e+000	8.401756e+000	3.068067e+000
3.110063632558986e-003	6.377320e+000	8.289402e+000	3.048891e+000
3.110216619209400e-003	6.384721e+000	8.146406e+000	3.025486e+000
3.110399257009807e-003	6.393549e+000	7.964842e+000	2.994455e+000
3.110976775026593e-003	6.421409e+000	7.377998e+000	2.896661e+000
3.111554293043379e-003	6.449183e+000	6.799135e+000	2.800060e+000
3.112131811060165e-003	6.476872e+000	6.228253e+000	2.704650e+000
3.112709329076951e-003	6.504476e+000	5.665351e+000	2.610431e+000
3.113286847093737e-003	6.531994e+000	5.110430e+000	2.517404e+000
3.113864365110524e-003	6.559426e+000	4.563489e+000	2.425569e+000
3.114441883127310e-003	6.586773e+000	4.024529e+000	2.334925e+000
3.116243804829729e-003	6.671538e+000	2.422652e+000	2.063899e+000
3.116934750553430e-003	6.703814e+000	1.903368e+000	1.978989e+000
3.117438235056901e-003	6.727254e+000	1.649418e+000	1.935047e+000
3.118045535123755e-003	6.755438e+000	1.485593e+000	1.911779e+000
3.118408813432337e-003	6.772250e+000	1.440073e+000	1.906271e+000
3.118760553749770e-003	6.788495e+000	1.420521e+000	1.903034e+000
3.119209398089071e-003	6.809175e+000	1.406526e+000	1.901187e+000
3.119382498510380e-003	6.817136e+000	1.402201e+000	1.900505e+000
3.119494364013827e-003	6.822277e+000	1.396785e+000	1.899976e+000
3.119546353829955e-003	6.824665e+000	1.388935e+000	1.898637e+000
3.119588237110234e-003	6.826589e+000	1.376276e+000	1.896455e+000
3.119631740043169e-003	6.828586e+000	1.356655e+000	1.893385e+000
3.119718745909038e-003	6.832578e+000	1.306866e+000	1.885048e+000
3.119801896129499e-003	6.836392e+000	1.252705e+000	1.875956e+000
3.119889756640056e-003	6.840420e+000	1.190584e+000	1.865513e+000
3.120207808890793e-003	6.854983e+000	9.524004e-001	1.825803e+000
3.120804128516190e-003	6.882215e+000	4.894453e-001	1.748631e+000
3.121208095744390e-003	6.900607e+000	1.725441e-001	1.695749e+000
3.121627874682475e-003	6.919672e+000	-1.555900e-001	1.640823e+000
3.122438104791589e-003	6.956335e+000	-7.817602e-001	1.536229e+000
3.123167592326680e-003	6.989189e+000	-1.333532e+000	1.443848e+000
3.124419903616167e-003	7.045248e+000	-2.248699e+000	1.290071e+000
3.126105601748144e-003	7.120018e+000	-3.415757e+000	1.093055e+000
3.128552419787174e-003	7.227123e+000	-4.964583e+000	8.297389e-001
3.131704729095357e-003	7.362589e+000	-6.780622e+000	5.352591e-001
3.132740111735502e-003	7.406456e+000	-7.284810e+000	4.511809e-001
3.134120621922362e-003	7.464457e+000	-7.862481e+000	3.500971e-001
3.136451657239284e-003	7.561116e+000	-8.680331e+000	2.137273e-001
3.137164659793128e-003	7.590359e+000	-8.846352e+000	1.887196e-001
3.137637928712512e-003	7.609685e+000	-8.887030e+000	1.844213e-001
3.138029449879893e-003	7.625622e+000	-8.890895e+000	1.852027e-001
3.139120392544542e-003	7.669789e+000	-8.890868e+000	1.850571e-001
3.140211335209191e-003	7.713592e+000	-8.890853e+000	1.849478e-001
3.141302277873841e-003	7.757029e+000	-8.890850e+000	1.848749e-001
3.142393220538490e-003	7.800102e+000	-8.890860e+000	1.848383e-001
3.143484163203139e-003	7.842810e+000	-8.890883e+000	1.848381e-001
3.144575105867788e-003	7.885152e+000	-8.890917e+000	1.848742e-001
3.145666048532438e-003	7.927130e+000	-8.890965e+000	1.849467e-001
3.163701839476648e-003	8.565614e+000	-8.891007e+000	1.849403e-001
3.184209651976648e-003	9.157711e+000	-8.891016e+000	1.849377e-001
3.204717464476649e-003	9.597969e+000	-8.891020e+000	1.849395e-001
3.225225276976649e-003	9.879087e+000	-8.891022e+000	1.849358e-001
3.245733089476649e-003	9.996407e+000	-8.891023e+000	1.849397e-001
3.266240901976650e-003	9.947980e+000	-8.891024e+000	1.849348e-001
3.286748714476650e-003	9.734611e+000	-8.891024e+000	1.849401e-001
3.307256526976650e-003	9.359837e+000	-8.891024e+000	1.849342e-001
3.327764339476651e-003	8.829872e+000	-8.891024e+000	1.849405e-001
3.348272151976651e-003	8.153504e+000	-8.891024e+000	1.849340e-001
3.368779964476652e-003	7.341947e+000	-8.891024e+000	1.849409e-001
3.389287776976652e-003	6.408657e+000	-8.891023e+000	1.849339e-001
3.409795589476652e-003	5.369108e+000	-8.891022e+000	1.849412e-001
3.430303401976653e-003	4.240536e+000	-8.891022e+000	1.849339e-001
3.450811214476653e-003	3.041655e+000	-8.891022e+000	1.849416e-001
3.471319026976653e-003	1.792341e+000	-8.891020e+000	1.849341e-001
3.473931136062028e-003	1.630494e+000	-8.891098e+000	1.849237e-001
3.476543245147403e-003	1.468329e+000	-8.891138e+000	1.849187e-001
3.479155354232778e-003	1.305848e+000	-8.891140e+000	1.849192e-001
3.481767463318154e-003	1.143049e+000	-8.891105e+000	1.849251e-001
3.484379572403529e-003	9.799326e-001	-8.891033e+000	1.849365e-001
3.486991681488904e-003	8.164992e-001	-8.890923e+000	1.849533e-001
3.489603790574279e-003	6.527486e-001	-8.890775e+000	1.849755e-001
3.489800005885669e-003	6.404458e-001	-8.890744e+000	1.849818e-001
3.489996221197058e-003	6.281421e-001	-8.890677e+000	1.849928e-001
3.490192436508448e-003	6.158374e-001	-8.890574e+000	1.850086e-001
3.490388651819837e-003	6.035319e-001	-8.890435e+000	1.850292e-001
3.490584867131227e-003	5.912253e-001	-8.890260e+000	1.850545e-001
3.490781082442617e-003	5.789179e-001	-8.890049e+000	1.850845e-001
3.490977297754007e-003	5.666095e-001	-8.889802e+000	1.851193e-001
3.491151836612056e-003	5.556602e-001	-8.888740e+000	1.853070e-001
3.491337352541116e-003	5.440215e-001	-8.887443e+000	1.855240e-001
3.492078851136134e-003	4.974950e-001	-8.882281e+000	1.862523e-001
3.492926278101868e-003	4.443087e-001	-8.870751e+000	1.878905e-001
3.493642080420988e-003	3.993736e-001	-8.852076e+000	1.907010e-001
3.494245129263941e-003	3.615104e-001	-8.819611e+000	1.955376e-001
3.494819946241751e-003	3.254149e-001	-8.759240e+000	2.049185e-001
3.495399372962891e-003	2.890257e-001	-8.658923e+000	2.219002e-001
3.495856649390805e-003	2.603050e-001	-8.548826e+000	2.409706e-001
3.496281659458163e-003	2.336090e-001	-8.424645e+000	2.619669e-001
3.496721655498435e-003	2.059699e-001	-8.281488e+000	2.858992e-001
3.497209940456847e-003	1.752956e-001	-8.110044e+000	3.143978e-001
3.497801431928928e-003	1.381357e-001	-7.886576e+000	3.512588e-001
3.498732552587549e-003	7.963523e-002	-7.500781e+000	4.139459e-001
3.500566256146022e-003	-3.557885e-002	-6.635346e+000	5.522895e-001
3.504233663262967e-003	-2.659775e-001	-4.635047e+000	8.792900e-001
3.508042013527544e-003	-5.050796e-001	-2.268642e+000	1.278945e+000
3.510849945102250e-003	-6.811942e-001	-3.493073e-001	1.606480e+000
3.511837787959841e-003	-7.431045e-001	3.609144e-001	1.726569e+000
3.512566094111613e-003	-7.887309e-001	8.901187e-001	1.815373e+000
3.513022866329781e-003	-8.173380e-001	1.211458e+000	1.869366e+000
3.513226390752371e-003	-8.300824e-001	1.338556e+000	1.890704e+000
3.513324974197381e-003	-8.362551e-001	1.384081e+000	1.897920e+000
3.513366989212658e-003	-8.388857e-001	1.393756e+000	1.899257e+000
3.513418940927639e-003	-8.421384e-001	1.397240e+000	1.899601e+000
3.513494293652135e-003	-8.468560e-001	1.397954e+000	1.899695e+000
3.514959076941040e-003	-9.385232e-001	1.399145e+000	1.899868e+000
3.515408841896002e-003	-9.666543e-001	1.412041e+000	1.900066e+000
3.515720025766187e-003	-9.861131e-001	1.475374e+000	1.906821e+000
3.515882697331983e-003	-9.962838e-001	1.564158e+000	1.927465e+000
3.516019187629584e-003	-1.004817e+000	1.664277e+000	1.943752e+000
3.516164971667174e-003	-1.013930e+000	1.773932e+000	1.961654e+000
3.516296699849316e-003	-1.022164e+000	1.877063e+000	1.979655e+000
3.516560156213600e-003	-1.038629e+000	2.086270e+000	2.013622e+000
3.516816510376350e-003	-1.054648e+000	2.293303e+000	2.048893e+000
3.517143128032072e-003	-1.075053e+000	2.561604e+000	2.092883e+000
3.517581876745735e-003	-1.102456e+000	2.927550e+000	2.154399e+000
3.518103815666437e-003	-1.135045e+000	3.370215e+000	2.227521e+000
3.518834269280896e-003	-1.180632e+000	4.001223e+000	2.332924e+000
3.519804406518780e-003	-1.241139e+000	4.857059e+000	2.474769e+000
3.521100036876946e-003	-1.321874e+000	6.028862e+000	2.669753e+000
3.522860573742101e-003	-1.431438e+000	7.653537e+000	2.941764e+000
3.522966783067444e-003	-1.438043e+000	7.753096e+000	2.958619e+000
3.523179201718128e-003	-1.451249e+000	7.953116e+000	2.992097e+000
3.523442777341923e-003	-1.467633e+000	8.194530e+000	3.032987e+000
3.523628980856939e-003	-1.479205e+000	8.351964e+000	3.059201e+000
3.523773256406755e-003	-1.488169e+000	8.455894e+000	3.076919e+000
3.523861675803767e-003	-1.493663e+000	8.497204e+000	3.084318e+000
3.523979444230264e-003	-1.500979e+000	8.518856e+000	3.087098e+000
3.524070149612934e-003	-1.506613e+000	8.522506e+000	3.087098e+000
3.524378024785633e-003	-1.525734e+000	8.523099e+000	3.087213e+000
3.524465516133802e-003	-1.531167e+000	8.524669e+000	3.087427e+000
3.524508092654801e-003	-1.533810e+000	8.526820e+000	3.087799e+000
3.524551921437438e-003	-1.536531e+000	8.529591e+000	3.088294e+000
3.524646226098918e-003	-1.542386e+000	8.533069e+000	3.088888e+000
3.524740530760399e-003	-1.548240e+000	8.535800e+000	3.089353e+000
3.524834835421879e-003	-1.554094e+000	8.537783e+000	3.089689e+000
3.524929140083359e-003	-1.559947e+000	8.539020e+000	3.089897e+000
3.525023444744839e-003	-1.565800e+000	8.539509e+000	3.089975e+000
3.525117749406320e-003	-1.571652e+000	8.539251e+000	3.089924e+000
3.525212054067800e-003	-1.577503e+000	8.538245e+000	3.089744e+000
3.534271412761466e-003	-2.141004e+000	8.538253e+000	3.089746e+000
3.543330771455132e-003	-2.693231e+000	8.538258e+000	3.089747e+000
3.552390130148798e-003	-3.234184e+000	8.538262e+000	3.089748e+000
3.561449488842463e-003	-3.763864e+000	8.538264e+000	3.089748e+000
3.570508847536129e-003	-4.282270e+000	8.538265e+000	3.089748e+000
3.579568206229795e-003	-4.789402e+000	8.538263e+000	3.089747e+000
3.588627564923461e-003	-5.285261e+000	8.538260e+000	3.089746e+000
3.609135377423462e-003	-6.332287e+000	8.538260e+000	3.089749e+000
3.629643189923462e-003	-7.274321e+000	8.538260e+000	3.089746e+000
3.650151002423462e-003	-8.095743e+000	8.538260e+000	3.089749e+000
3.670658814923463e-003	-8.782933e+000	8.538261e+000	3.089746e+000
3.691166627423463e-003	-9.324499e+000	8.538261e+000	3.089749e+000
3.711674439923463e-003	-9.711459e+000	8.538260e+000	3.089746e+000
3.732182252423464e-003	-9.937399e+000	8.538260e+000	3.089748e+000
3.752690064923464e-003	-9.998571e+000	8.538260e+000	3.089746e+000
3.773197877423464e-003	-9.893963e+000	8.538260e+000	3.089748e+000
3.793705689923465e-003	-9.625308e+000	8.538260e+000	3.089746e+000
3.814213502423465e-003	-9.197060e+000	8.538260e+000	3.089748e+000
3.834721314923466e-003	-8.616321e+000	8.538260e+000	3.089746e+000
3.855229127423466e-003	-7.892718e+000	8.538260e+000	3.089748e+000
3.875736939923466e-003	-7.038251e+000	8.538260e+000	3.089746e+000
3.896244752423467e-003	-6.067086e+000	8.538260e+000	3.089748e+000
3.916752564923466e-003	-4.995325e+000	8.538260e+000	3.089746e+000
3.937260377423466e-003	-3.840740e+000	8.538260e+000	3.089748e+000
3.957768189923465e-003	-2.622473e+000	8.538260e+000	3.089746e+000
3.978276002423464e-003	-1.360725e+000	8.538261e+000	3.089748e+000
3.998783814923463e-003	-7.641442e-002	8.538261e+000	3.089746e+000
4.012455689923462e-003	7.818154e-001	8.538261e+000	3.089746e+000
4.032963502423461e-003	2.056382e+000	8.538260e+000	3.089748e+000
4.053471314923460e-003	3.296853e+000	8.538260e+000	3.089746e+000
4.073979127423459e-003	4.482660e+000	8.538260e+000	3.089748e+000
4.094486939923458e-003	5.594142e+000	8.538261e+000	3.089746e+000
4.101322877423458e-003	5.944893e+000	8.538690e+000	3.089751e+000
4.103730257561469e-003	6.065837e+000	8.541291e+000	3.089955e+000
4.105075644849494e-003	6.132825e+000	8.548221e+000	3.091049e+000
4.105726012361969e-003	6.165051e+000	8.557918e+000	3.092716e+000
4.106105862622260e-003	6.183825e+000	8.570403e+000	3.094748e+000
4.106840971497130e-003	6.220057e+000	8.631815e+000	3.104926e+000
4.107097753313851e-003	6.232682e+000	8.664072e+000	3.110605e+000
4.107763255239784e-003	6.265327e+000	8.758386e+000	3.126521e+000
4.108470386636472e-003	6.299894e+000	8.856894e+000	3.143058e+000
4.108586288039394e-003	6.305548e+000	8.869243e+000	3.145286e+000
4.108818090845239e-003	6.316845e+000	8.877339e+000	3.147535e+000
4.109030024033994e-003	6.327163e+000	8.857274e+000	3.144905e+000
4.109299168034950e-003	6.340249e+000	8.775273e+000	3.133016e+000
4.109613337812760e-003	6.355502e+000	8.613603e+000	3.103644e+000
4.109763714025122e-003	6.362793e+000	8.514614e+000	3.086413e+000
4.109979794987935e-003	6.373261e+000	8.351029e+000	3.060058e+000
4.110126147265717e-003	6.380345e+000	8.223762e+000	3.038159e+000
4.110299212720799e-003	6.388714e+000	8.056003e+000	3.010111e+000
4.110568543476244e-003	6.401724e+000	7.784718e+000	2.964471e+000
4.111132922245624e-003	6.428926e+000	7.212892e+000	2.869157e+000
4.111697301015003e-003	6.456047e+000	6.648800e+000	2.774991e+000
4.112261679784382e-003	6.483087e+000	6.092442e+000	2.681974e+000
4.112826058553762e-003	6.510044e+000	5.543819e+000	2.590106e+000
4.113390437323141e-003	6.536921e+000	5.002930e+000	2.499386e+000
4.113954816092520e-003	6.563715e+000	4.469775e+000	2.409814e+000
4.114519194861900e-003	6.590428e+000	3.944355e+000	2.321391e+000
4.116348172985182e-003	6.676421e+000	2.341323e+000	2.048658e+000
4.117094112903464e-003	6.711241e+000	1.807914e+000	1.961503e+000
4.117571410392582e-003	6.733443e+000	1.590491e+000	1.927840e+000
4.117998255157132e-003	6.753247e+000	1.486708e+000	1.913271e+000
4.118278633497632e-003	6.766230e+000	1.450603e+000	1.908097e+000
4.118547748827001e-003	6.778670e+000	1.431951e+000	1.904959e+000
4.119085979485739e-003	6.803494e+000	1.410279e+000	1.901603e+000
4.119303562624787e-003	6.813507e+000	1.404552e+000	1.900866e+000
4.119443041688644e-003	6.819919e+000	1.400393e+000	1.900400e+000
4.119509908127862e-003	6.822991e+000	1.394752e+000	1.899545e+000
4.119550388648176e-003	6.824851e+000	1.386220e+000	1.898164e+000
4.119597079720701e-003	6.826994e+000	1.369387e+000	1.895387e+000
4.119647624481678e-003	6.829315e+000	1.344561e+000	1.891288e+000
4.119720241841465e-003	6.832647e+000	1.301430e+000	1.884086e+000
4.119797516848101e-003	6.836191e+000	1.250117e+000	1.875482e+000
4.119901648890524e-003	6.840965e+000	1.175999e+000	1.863137e+000
4.120045222689971e-003	6.847542e+000	1.069361e+000	1.845369e+000
4.120707273767180e-003	6.877798e+000	5.586950e-001	1.760235e+000
4.121102404173551e-003	6.895799e+000	2.490353e-001	1.708513e+000
4.121500357030941e-003	6.913886e+000	-6.282005e-002	1.656384e+000
4.122099182787129e-003	6.941020e+000	-5.282139e-001	1.578660e+000
4.122751268720353e-003	6.970457e+000	-1.026247e+000	1.495273e+000
4.123886140762959e-003	7.021408e+000	-1.867393e+000	1.353859e+000
4.125578500792535e-003	7.096723e+000	-3.059099e+000	1.152410e+000
4.128124174580456e-003	7.208500e+000	-4.697794e+000	8.729917e-001
4.131586654895812e-003	7.357567e+000	-6.614770e+000	5.448437e-001
4.135272372496280e-003	7.512417e+000	-8.337002e+000	2.765265e-001
4.135637468302227e-003	7.527538e+000	-8.465784e+000	2.556258e-001
4.136124262710155e-003	7.547638e+000	-8.618121e+000	2.297228e-001
4.136708520551297e-003	7.571669e+000	-8.781348e+000	2.020926e-001
4.137044197376535e-003	7.585429e+000	-8.851009e+000	1.899772e-001
4.137355320638048e-003	7.598153e+000	-8.882298e+000	1.851955e-001
4.137707147284253e-003	7.612506e+000	-8.890556e+000	1.849473e-001
4.138903667227443e-003	7.661041e+000	-8.890791e+000	1.849762e-001
4.145518268686485e-003	7.921467e+000	-8.890964e+000	1.849461e-001
4.163746499269895e-003	8.567061e+000	-8.891006e+000	1.849403e-001
4.184254311769894e-003	9.158838e+000	-8.891016e+000	1.849384e-001
4.204762124269893e-003	9.598756e+000	-8.891020e+000	1.849381e-001
4.225269936769892e-003	9.879522e+000	-8.891022e+000	1.849377e-001
4.245777749269891e-003	9.996481e+000	-8.891023e+000	1.849374e-001
4.266285561769890e-003	9.947694e+000	-8.891024e+000	1.849374e-001
4.286793374269889e-003	9.733968e+000	-8.891024e+000	1.849371e-001
4.307301186769888e-003	9.358849e+000	-8.891024e+000	1.849374e-001
4.327808999269887e-003	8.828555e+000	-8.891024e+000	1.849371e-001
4.348316811769886e-003	8.151879e+000	-8.891024e+000	1.849376e-001
4.368824624269885e-003	7.340042e+000	-8.891024e+000	1.849371e-001
4.389332436769884e-003	6.406502e+000	-8.891023e+000	1.849377e-001
4.409840249269883e-003	5.366740e+000	-8.891022e+000	1.849373e-001
4.430348061769882e-003	4.237995e+000	-8.891022e+000	1.849379e-001
4.450855874269881e-003	3.038981e+000	-8.891021e+000	1.849374e-001
4.471363686769880e-003	1.789580e+000	-8.891020e+000	1.849383e-001
4.473973264845984e-003	1.627882e+000	-8.891099e+000	1.849257e-001
4.476582842922086e-003	1.465869e+000	-8.891140e+000	1.849192e-001
4.479192420998189e-003	1.303539e+000	-8.891143e+000	1.849187e-001
4.481801999074293e-003	1.140893e+000	-8.891107e+000	1.849242e-001
4.484411577150396e-003	9.779313e-001	-8.891032e+000	1.849357e-001
4.487021155226498e-003	8.146534e-001	-8.890919e+000	1.849532e-001
4.489630733302602e-003	6.510594e-001	-8.890767e+000	1.849767e-001
4.489824774560029e-003	6.388928e-001	-8.890738e+000	1.849827e-001
4.490018815817456e-003	6.267253e-001	-8.890671e+000	1.849937e-001
4.490212857074884e-003	6.145568e-001	-8.890566e+000	1.850097e-001
4.490406898332311e-003	6.023875e-001	-8.890423e+000	1.850309e-001
4.490600939589739e-003	5.902172e-001	-8.890241e+000	1.850571e-001
4.490794980847166e-003	5.780461e-001	-8.890021e+000	1.850883e-001
4.490989022104593e-003	5.658740e-001	-8.889763e+000	1.851247e-001
4.491071324001753e-003	5.607110e-001	-8.889350e+000	1.851896e-001
4.491357872171324e-003	5.427341e-001	-8.887328e+000	1.855423e-001
4.492151176748312e-003	4.929563e-001	-8.881519e+000	1.863485e-001
4.493057810550585e-003	4.360523e-001	-8.868373e+000	1.882780e-001
4.493689498476624e-003	3.963966e-001	-8.850317e+000	1.909553e-001
4.494321023040673e-003	3.567449e-001	-8.812695e+000	1.964612e-001
4.494921391796805e-003	3.190442e-001	-8.744484e+000	2.073395e-001
4.495467011257561e-003	2.847776e-001	-8.643747e+000	2.245055e-001
4.495946294869094e-003	2.546743e-001	-8.523310e+000	2.452402e-001
4.496371926865033e-003	2.279388e-001	-8.396020e+000	2.667840e-001
4.496801389004315e-003	2.009611e-001	-8.253954e+000	2.904971e-001
4.497311966847289e-003	1.688861e-001	-8.072168e+000	3.206584e-001
4.497945528391104e-003	1.290827e-001	-7.829123e+000	3.606819e-001
4.498979572034017e-003	6.411494e-002	-7.391727e+000	4.315644e-001
4.501047659319841e-003	-6.582590e-002	-6.395946e+000	5.917015e-001
4.504563744773356e-003	-2.867092e-001	-4.453202e+000	9.118577e-001
4.507968245500359e-003	-5.004505e-001	-2.327564e+000	1.270965e+000
4.510486612783024e-003	-6.584167e-001	-6.093013e-001	1.563111e+000
4.511539548649370e-003	-7.244161e-001	1.452607e-001	1.690465e+000
4.512162833310685e-003	-7.634697e-001	5.985436e-001	1.766611e+000
4.512976285401763e-003	-8.144211e-001	1.178205e+000	1.864331e+000
4.513238563444774e-003	-8.308446e-001	1.341096e+000	1.892008e+000
4.513360365365027e-003	-8.384709e-001	1.390871e+000	1.899253e+000
4.513400435747448e-003	-8.409798e-001	1.396942e+000	1.899589e+000
4.513485670781117e-003	-8.463161e-001	1.397937e+000	1.899685e+000
4.515068477946882e-003	-9.453666e-001	1.399898e+000	1.899897e+000
4.515577922041451e-003	-9.772276e-001	1.433613e+000	1.900496e+000
4.515790513080998e-003	-9.905203e-001	1.510867e+000	1.915082e+000
4.516011410769561e-003	-1.004331e+000	1.660391e+000	1.943540e+000
4.516189631621150e-003	-1.015471e+000	1.795996e+000	1.965341e+000
4.516383349164451e-003	-1.027579e+000	1.947129e+000	1.991022e+000
4.516598320219285e-003	-1.041014e+000	2.118823e+000	2.019412e+000
4.516895148874859e-003	-1.059561e+000	2.359735e+000	2.059557e+000
4.517332779180450e-003	-1.086899e+000	2.722224e+000	2.119735e+000
4.518097531202244e-003	-1.134652e+000	3.371650e+000	2.227272e+000
4.519627035245833e-003	-1.230080e+000	4.712616e+000	2.449110e+000
4.521889357616503e-003	-1.371017e+000	6.749543e+000	2.790990e+000
4.522531643268925e-003	-1.410981e+000	7.347367e+000	2.890767e+000
4.523388024138821e-003	-1.464230e+000	8.152228e+000	3.025396e+000
4.523431608751571e-003	-1.466939e+000	8.191532e+000	3.031719e+000
4.523518777977073e-003	-1.472356e+000	8.265344e+000	3.044251e+000
4.523693116428076e-003	-1.483190e+000	8.402853e+000	3.067904e+000
4.523811709884997e-003	-1.490559e+000	8.477308e+000	3.080856e+000
4.523907634976540e-003	-1.496518e+000	8.509991e+000	3.086238e+000
4.524024420312037e-003	-1.503773e+000	8.521663e+000	3.087181e+000
4.524099278085359e-003	-1.508423e+000	8.522669e+000	3.087110e+000
4.524381979710104e-003	-1.525980e+000	8.523293e+000	3.087177e+000
4.524552417050335e-003	-1.536562e+000	8.529746e+000	3.088336e+000
4.524715901193516e-003	-1.546711e+000	8.536380e+000	3.089460e+000
4.524873021997959e-003	-1.556464e+000	8.537273e+000	3.089598e+000
4.525030142802400e-003	-1.566215e+000	8.537958e+000	3.089704e+000
4.525187263606843e-003	-1.575965e+000	8.538435e+000	3.089777e+000
4.525344384411285e-003	-1.585713e+000	8.538704e+000	3.089818e+000
4.525501505215727e-003	-1.595459e+000	8.538764e+000	3.089826e+000
4.525658626020169e-003	-1.605204e+000	8.538616e+000	3.089803e+000
4.525815746824612e-003	-1.614948e+000	8.538260e+000	3.089746e+000
4.534989529791186e-003	-2.185236e+000	8.538260e+000	3.089747e+000
4.544163312757760e-003	-2.743763e+000	8.538260e+000	3.089747e+000
4.553337095724335e-003	-3.290528e+000	8.538260e+000	3.089747e+000
4.562510878690909e-003	-3.825533e+000	8.538260e+000	3.089747e+000
4.571684661657484e-003	-4.348776e+000	8.538260e+000	3.089747e+000
4.580858444624057e-003	-4.860257e+000	8.538260e+000	3.089747e+000
4.590032227590632e-003	-5.359978e+000	8.538260e+000	3.089746e+000
4.610540040090631e-003	-6.400348e+000	8.538260e+000	3.089748e+000
4.631047852590630e-003	-7.334598e+000	8.538260e+000	3.089746e+000
4.651555665090629e-003	-8.147236e+000	8.538260e+000	3.089748e+000
4.672063477590628e-003	-8.824789e+000	8.538260e+000	3.089746e+000
4.692571290090627e-003	-9.356023e+000	8.538260e+000	3.089748e+000
4.713079102590626e-003	-9.732129e+000	8.538260e+000	3.089746e+000
4.733586915090625e-003	-9.946872e+000	8.538260e+000	3.089748e+000
4.754094727590624e-003	-9.996691e+000	8.538260e+000	3.089746e+000
4.774602540090624e-003	-9.880759e+000	8.538260e+000	3.089748e+000
4.795110352590623e-003	-9.601000e+000	8.538260e+000	3.089746e+000
4.815618165090622e-003	-9.162051e+000	8.538260e+000	3.089748e+000
4.836125977590621e-003	-8.571192e+000	8.538260e+000	3.089746e+000
4.856633790090620e-003	-7.838218e+000	8.538260e+000	3.089748e+000
4.877141602590619e-003	-6.975282e+000	8.538260e+000	3.089746e+000
4.897649415090618e-003	-5.996692e+000	8.538260e+000	3.089748e+000
4.918157227590617e-003	-4.918674e+000	8.538260e+000	3.089746e+000
4.938665040090616e-003	-3.759103e+000	8.538260e+000	3.089748e+000
4.959172852590615e-003	-2.537204e+000	8.538260e+000	3.089746e+000
4.979680665090614e-003	-1.273236e+000	8.538260e+000	3.089748e+000
5.000188477590613e-003	1.184239e-002	8.538260e+000	3.089747e+000
5.020696290090612e-003	1.296724e+000	8.538260e+000	3.089748e+000
5.041204102590611e-003	2.560106e+000	8.538260e+000	3.089747e+000
5.061711915090610e-003	3.781040e+000	8.538260e+000	3.089748e+000
5.082219727590609e-003	4.939282e+000	8.538260e+000	3.089747e+000
5.100196014971684e-003	5.887812e+000	8.538272e+000	3.089749e+000
5.102213974525811e-003	5.989821e+000	8.538435e+000	3.089757e+000
5.104758776219954e-003	6.117087e+000	8.544659e+000	3.090575e+000
5.105434823335683e-003	6.150635e+000	8.551712e+000	3.091762e+000
5.105891909808295e-003	6.173254e+000	8.562021e+000	3.093418e+000
5.106234383538146e-003	6.190169e+000	8.577055e+000	3.095761e+000
5.106948327962138e-003	6.225338e+000	8.644570e+000	3.107202e+000
5.107482820263370e-003	6.251584e+000	8.718435e+000	3.119734e+000
5.107971918640981e-003	6.275540e+000	8.789143e+000	3.131567e+000
5.108238682161921e-003	6.288581e+000	8.826042e+000	3.137976e+000
5.108628113226435e-003	6.307587e+000	8.871675e+000	3.146002e+000
5.108805129825555e-003	6.316214e+000	8.880027e+000	3.147703e+000
5.109010950039617e-003	6.326234e+000	8.862189e+000	3.145572e+000
5.109275884114669e-003	6.339118e+000	8.789062e+000	3.134877e+000
5.109563477670802e-003	6.353083e+000	8.646578e+000	3.110139e+000
5.109717026003546e-003	6.360530e+000	8.547997e+000	3.090612e+000
5.109823441774884e-003	6.365688e+000	8.478454e+000	3.080540e+000
5.109900507591162e-003	6.369422e+000	8.424075e+000	3.071515e+000
5.109986134735818e-003	6.373569e+000	8.353868e+000	3.059361e+000
5.110071324175836e-003	6.377692e+000	8.278916e+000	3.047150e+000
5.110161924056123e-003	6.382076e+000	8.194868e+000	3.032926e+000
5.110271584573434e-003	6.387379e+000	8.087915e+000	3.015399e+000
5.110394783613623e-003	6.393333e+000	7.963757e+000	2.994190e+000
5.111060990583398e-003	6.425465e+000	7.286219e+000	2.881402e+000
5.111727197553173e-003	6.457482e+000	6.619775e+000	2.770270e+000
5.112393404522948e-003	6.489386e+000	5.964424e+000	2.660793e+000
5.113059611492722e-003	6.521176e+000	5.320165e+000	2.552972e+000
5.113725818462498e-003	6.552852e+000	4.687000e+000	2.446807e+000
5.114392025432272e-003	6.584414e+000	4.064928e+000	2.342297e+000
5.115058232402048e-003	6.615863e+000	3.453949e+000	2.239443e+000
5.116729278613729e-003	6.694229e+000	2.068316e+000	1.996262e+000
5.117451205979092e-003	6.727857e+000	1.662952e+000	1.935324e+000
5.118156175762408e-003	6.760562e+000	1.484496e+000	1.910241e+000
5.118795224700851e-003	6.790094e+000	1.423717e+000	1.902700e+000
5.119422353682878e-003	6.818968e+000	1.391644e+000	1.900726e+000
5.119604331466262e-003	6.827327e+000	1.357400e+000	1.895065e+000
5.119705548154800e-003	6.831973e+000	1.310722e+000	1.885881e+000
5.119802547990744e-003	6.836422e+000	1.247885e+000	1.875196e+000
5.119923231349483e-003	6.841954e+000	1.162118e+000	1.860797e+000
5.120400710627126e-003	6.863803e+000	7.999856e-001	1.800402e+000
5.120911919051344e-003	6.887126e+000	4.007331e-001	1.733849e+000
5.121224338206558e-003	6.901346e+000	1.552974e-001	1.692817e+000
5.121612240219666e-003	6.918963e+000	-1.485776e-001	1.642159e+000
5.122042417192184e-003	6.938453e+000	-4.830079e-001	1.586297e+000
5.122555206550991e-003	6.961618e+000	-8.771037e-001	1.520571e+000
5.123156432894173e-003	6.988688e+000	-1.332187e+000	1.444543e+000
5.123847401407621e-003	7.019674e+000	-1.845080e+000	1.358950e+000
5.124655937056295e-003	7.055765e+000	-2.430705e+000	1.261055e+000
5.125593407713087e-003	7.097383e+000	-3.089150e+000	1.151032e+000
5.126684633264523e-003	7.145516e+000	-3.826289e+000	1.027647e+000
5.127955373183297e-003	7.201145e+000	-4.642210e+000	8.909023e-001
5.129491317958834e-003	7.267770e+000	-5.561951e+000	7.360022e-001
5.131432095258169e-003	7.350986e+000	-6.606949e+000	5.581450e-001
5.134015981516633e-003	7.460080e+000	-7.814716e+000	3.568797e-001
5.135613510022208e-003	7.526547e+000	-8.440113e+000	2.569154e-001
5.136519678355691e-003	7.563913e+000	-8.728818e+000	2.104616e-001
5.136961974156563e-003	7.582062e+000	-8.834415e+000	1.925098e-001
5.137296557902939e-003	7.595752e+000	-8.876187e+000	1.856487e-001
5.137745817556382e-003	7.614081e+000	-8.890571e+000	1.847899e-001
5.138717006720367e-003	7.653501e+000	-8.890682e+000	1.848861e-001
5.139688195884352e-003	7.692633e+000	-8.890772e+000	1.849583e-001
5.140659385048338e-003	7.731475e+000	-8.890840e+000	1.850066e-001
5.141630574212322e-003	7.770030e+000	-8.890885e+000	1.850310e-001
5.142601763376308e-003	7.808296e+000	-8.890909e+000	1.850315e-001
5.143572952540292e-003	7.846273e+000	-8.890910e+000	1.850080e-001
5.144544141704278e-003	7.883963e+000	-8.890889e+000	1.849606e-001
5.174983863082910e-003	8.923047e+000	-8.890923e+000	1.849544e-001
5.205423584461543e-003	9.611748e+000	-8.890950e+000	1.849496e-001
5.235863305840176e-003	9.950065e+000	-8.890969e+000	1.849462e-001
5.266303027218809e-003	9.937999e+000	-8.890981e+000	1.849442e-001
5.296742748597441e-003	9.575550e+000	-8.890985e+000	1.849436e-001
5.327182469976074e-003	8.862717e+000	-8.890982e+000	1.849445e-001
5.357622191354707e-003	7.799501e+000	-8.890971e+000	1.849467e-001
5.378130003854706e-003	6.930647e+000	-8.890971e+000	1.849454e-001
5.398637816354705e-003	5.946879e+000	-8.890970e+000	1.849470e-001
5.419145628854704e-003	4.864509e+000	-8.890970e+000	1.849453e-001
5.439653441354703e-003	3.701483e+000	-8.890970e+000	1.849473e-001
5.460161253854702e-003	2.477084e+000	-8.890969e+000	1.849452e-001
5.480669066354701e-003	1.211614e+000	-8.890974e+000	1.849479e-001
5.484570518068181e-003	9.679450e-001	-8.890768e+000	1.849421e-001
5.485425010255680e-003	9.144942e-001	-8.890815e+000	1.849399e-001
5.487133994630681e-003	8.075148e-001	-8.890991e+000	1.849428e-001
5.487660817810502e-003	7.745162e-001	-8.891056e+000	1.849324e-001
5.488187640990323e-003	7.415101e-001	-8.891056e+000	1.849322e-001
5.488714464170144e-003	7.084965e-001	-8.890990e+000	1.849422e-001
5.489241287349966e-003	6.754753e-001	-8.890859e+000	1.849624e-001
5.489768110529787e-003	6.424465e-001	-8.890663e+000	1.849927e-001
5.490294933709608e-003	6.094102e-001	-8.890402e+000	1.850333e-001
5.490821756889429e-003	5.763664e-001	-8.890075e+000	1.850841e-001
5.491155497588240e-003	5.554305e-001	-8.888734e+000	1.853077e-001
5.491340297067019e-003	5.438368e-001	-8.887433e+000	1.855254e-001
5.492077592247849e-003	4.975740e-001	-8.882301e+000	1.862509e-001
5.492920215311656e-003	4.446893e-001	-8.870852e+000	1.878736e-001
5.493641811914843e-003	3.993905e-001	-8.852080e+000	1.907009e-001
5.494242731432165e-003	3.616610e-001	-8.819841e+000	1.955092e-001
5.494816154723923e-003	3.256530e-001	-8.759777e+000	2.048322e-001
5.495396860810572e-003	2.891834e-001	-8.659478e+000	2.218046e-001
5.495853522890557e-003	2.605014e-001	-8.549706e+000	2.408229e-001
5.496278662937996e-003	2.337972e-001	-8.425588e+000	2.618067e-001
5.496719991503267e-003	2.060744e-001	-8.282071e+000	2.858010e-001
5.497207427923208e-003	1.754535e-001	-8.110990e+000	3.142416e-001
5.497797940621251e-003	1.383551e-001	-7.887976e+000	3.510293e-001
5.498726395702707e-003	8.002207e-002	-7.503496e+000	4.135080e-001
5.500553318899297e-003	-3.476598e-002	-6.641945e+000	5.512434e-001
5.504207165292476e-003	-2.643132e-001	-4.650936e+000	8.767058e-001
5.508008213796020e-003	-5.029586e-001	-2.290910e+000	1.275162e+000
5.510838795187685e-003	-6.804953e-001	-3.571429e-001	1.605142e+000
5.511832632125896e-003	-7.427815e-001	3.572031e-001	1.725945e+000
5.512561735842383e-003	-7.884579e-001	8.870022e-001	1.814853e+000
5.513022148820089e-003	-8.172931e-001	1.210974e+000	1.869292e+000
5.513226503894029e-003	-8.300895e-001	1.338588e+000	1.890720e+000
5.513325444786433e-003	-8.362845e-001	1.384207e+000	1.897945e+000
5.513367436321227e-003	-8.389137e-001	1.393825e+000	1.899266e+000
5.513419226494143e-003	-8.421562e-001	1.397251e+000	1.899602e+000
5.513494438434507e-003	-8.468651e-001	1.397954e+000	1.899696e+000
5.514964970125018e-003	-9.388919e-001	1.399158e+000	1.899870e+000
5.515413964402129e-003	-9.669746e-001	1.412132e+000	1.900070e+000
5.515719934902770e-003	-9.861075e-001	1.474965e+000	1.906820e+000
5.515882154764424e-003	-9.962498e-001	1.563756e+000	1.927391e+000
5.516018310710777e-003	-1.004762e+000	1.663634e+000	1.943648e+000
5.516163669716352e-003	-1.013848e+000	1.772969e+000	1.961496e+000
5.516295834242982e-003	-1.022109e+000	1.876429e+000	1.979544e+000
5.516560163296242e-003	-1.038629e+000	2.086327e+000	2.013634e+000
5.516817566260791e-003	-1.054713e+000	2.294216e+000	2.049040e+000
5.517146567845443e-003	-1.075268e+000	2.564509e+000	2.093368e+000
5.517589231984847e-003	-1.102916e+000	2.933805e+000	2.155433e+000
5.518117293084399e-003	-1.135886e+000	3.381823e+000	2.229451e+000
5.518858187774420e-003	-1.182124e+000	4.022200e+000	2.336398e+000
5.519846906101917e-003	-1.243788e+000	4.895144e+000	2.481083e+000
5.521169378145614e-003	-1.326193e+000	6.091911e+000	2.680318e+000
5.522835251732370e-003	-1.429864e+000	7.629690e+000	2.937796e+000
5.522943007211358e-003	-1.436564e+000	7.730699e+000	2.954885e+000
5.523158518169336e-003	-1.449963e+000	7.933734e+000	2.988840e+000
5.523435827118874e-003	-1.467201e+000	8.188725e+000	3.031987e+000
5.523609161536562e-003	-1.477973e+000	8.336326e+000	3.056515e+000
5.523763664070028e-003	-1.487573e+000	8.450156e+000	3.075901e+000
5.523851388919667e-003	-1.493024e+000	8.494149e+000	3.083719e+000
5.523959323394938e-003	-1.499729e+000	8.517373e+000	3.086936e+000
5.524054199177690e-003	-1.505623e+000	8.522344e+000	3.087138e+000
5.524352456326643e-003	-1.524146e+000	8.522978e+000	3.087193e+000
5.524446670540908e-003	-1.529997e+000	8.524029e+000	3.087333e+000
5.524527915799072e-003	-1.535041e+000	8.528038e+000	3.088017e+000
5.524572794886397e-003	-1.537827e+000	8.530770e+000	3.088500e+000
5.524617673973723e-003	-1.540614e+000	8.533052e+000	3.088900e+000
5.524662553061049e-003	-1.543400e+000	8.534884e+000	3.089219e+000
5.524707432148374e-003	-1.546186e+000	8.536266e+000	3.089455e+000
5.524752311235700e-003	-1.548972e+000	8.537199e+000	3.089609e+000
5.524797190323025e-003	-1.551757e+000	8.537682e+000	3.089681e+000
5.524842069410351e-003	-1.554543e+000	8.537715e+000	3.089671e+000
5.533794776650341e-003	-2.111581e+000	8.537983e+000	3.089709e+000
5.542747483890330e-003	-2.657751e+000	8.538188e+000	3.089737e+000
5.551700191130321e-003	-3.193053e+000	8.538330e+000	3.089757e+000
5.560652898370311e-003	-3.717486e+000	8.538408e+000	3.089768e+000
5.569605605610301e-003	-4.231051e+000	8.538422e+000	3.089770e+000
5.578558312850290e-003	-4.733748e+000	8.538373e+000	3.089762e+000
5.587511020090280e-003	-5.225576e+000	8.538260e+000	3.089746e+000
5.608018832590279e-003	-6.277835e+000	8.538260e+000	3.089748e+000
5.628526645090278e-003	-7.226004e+000	8.538260e+000	3.089746e+000
5.649034457590277e-003	-8.054362e+000	8.538260e+000	3.089748e+000
5.669542270090276e-003	-8.749175e+000	8.538260e+000	3.089746e+000
5.690050082590275e-003	-9.298923e+000	8.538260e+000	3.089748e+000
5.710557895090274e-003	-9.694489e+000	8.538260e+000	3.089746e+000
5.731065707590273e-003	-9.929317e+000	8.538260e+000	3.089748e+000
5.751573520090272e-003	-9.999512e+000	8.538260e+000	3.089746e+000
5.772081332590271e-003	-9.903909e+000	8.538260e+000	3.089748e+000
5.792589145090270e-003	-9.644094e+000	8.538260e+000	3.089746e+000
5.813096957590270e-003	-9.224377e+000	8.538260e+000	3.089748e+000
5.833604770090269e-003	-8.651714e+000	8.538260e+000	3.089746e+000
5.854112582590268e-003	-7.935602e+000	8.538260e+000	3.089748e+000
5.874620395090267e-003	-7.087913e+000	8.538260e+000	3.089746e+000
5.895128207590266e-003	-6.122704e+000	8.538260e+000	3.089748e+000
5.915636020090265e-003	-5.055976e+000	8.538260e+000	3.089746e+000
5.936143832590264e-003	-3.905419e+000	8.538260e+000	3.089748e+000
5.956651645090263e-003	-2.690107e+000	8.538260e+000	3.089746e+000
5.977159457590262e-003	-1.430192e+000	8.538260e+000	3.089748e+000
5.997667270090261e-003	-1.465645e-001	8.538260e+000	3.089746e+000
6.011339145090260e-003	7.118569e-001	8.538260e+000	3.089746e+000
6.031846957590259e-003	1.987677e+000	8.538260e+000	3.089748e+000
6.052354770090258e-003	3.230540e+000	8.538260e+000	3.089746e+000
6.072862582590257e-003	4.419839e+000	8.538260e+000	3.089748e+000
6.093370395090256e-003	5.535855e+000	8.538261e+000	3.089746e+000
6.100206332590256e-003	5.888336e+000	8.538274e+000	3.089749e+000
6.102391137402083e-003	5.998731e+000	8.538714e+000	3.089759e+000
6.105525149188818e-003	6.155109e+000	8.553310e+000	3.092051e+000
6.105939590709578e-003	6.175611e+000	8.563703e+000	3.093701e+000
6.106272349921725e-003	6.192042e+000	8.579544e+000	3.096150e+000
6.106987786759163e-003	6.227277e+000	8.649694e+000	3.108065e+000
6.107538878677821e-003	6.254333e+000	8.726430e+000	3.121085e+000
6.108121485553454e-003	6.282854e+000	8.810649e+000	3.135168e+000
6.108329624172157e-003	6.293023e+000	8.837546e+000	3.140117e+000
6.108745901409564e-003	6.313328e+000	8.872938e+000	3.147069e+000
6.108967035319643e-003	6.324097e+000	8.866101e+000	3.146158e+000
6.109206053085486e-003	6.335723e+000	8.812356e+000	3.138166e+000
6.109482375074296e-003	6.349146e+000	8.689427e+000	3.117824e+000
6.109688464279578e-003	6.359145e+000	8.563058e+000	3.093479e+000
6.109805904634337e-003	6.364839e+000	8.485273e+000	3.081692e+000
6.109906483329910e-003	6.369711e+000	8.412424e+000	3.069700e+000
6.110016754395181e-003	6.375051e+000	8.320363e+000	3.053921e+000
6.110132152429565e-003	6.380636e+000	8.215489e+000	3.036717e+000
6.110263249654398e-003	6.386976e+000	8.088593e+000	3.015338e+000
6.110429752908100e-003	6.395022e+000	7.921083e+000	2.987349e+000
6.111058716053446e-003	6.425355e+000	7.282416e+000	2.880891e+000
6.111687679198792e-003	6.455586e+000	6.652888e+000	2.775855e+000
6.112316642344138e-003	6.485716e+000	6.032497e+000	2.672242e+000
6.112945605489484e-003	6.515744e+000	5.421245e+000	2.570052e+000
6.113574568634829e-003	6.545671e+000	4.819131e+000	2.469284e+000
6.114203531780176e-003	6.575496e+000	4.226156e+000	2.369940e+000
6.114832494925521e-003	6.605220e+000	3.642318e+000	2.272017e+000
6.115963828239228e-003	6.658423e+000	2.643676e+000	2.104078e+000
6.117025908622196e-003	6.708063e+000	1.826076e+000	1.960186e+000
6.117504540455373e-003	6.730336e+000	1.587983e+000	1.927499e+000
6.117944239702833e-003	6.750744e+000	1.487950e+000	1.912902e+000
6.118414008691702e-003	6.772490e+000	1.437527e+000	1.905180e+000
6.118883437421706e-003	6.794162e+000	1.413342e+000	1.902252e+000
6.119144036259953e-003	6.806167e+000	1.405919e+000	1.900890e+000
6.119397553179380e-003	6.817829e+000	1.401160e+000	1.900273e+000
6.119455233981454e-003	6.820479e+000	1.399229e+000	1.900097e+000
6.119492279342619e-003	6.822181e+000	1.396316e+000	1.899637e+000
6.119523068771013e-003	6.823596e+000	1.391428e+000	1.898842e+000
6.119558431817596e-003	6.825220e+000	1.381910e+000	1.897457e+000
6.119603119446328e-003	6.827271e+000	1.364446e+000	1.894456e+000
6.119646435786111e-003	6.829260e+000	1.342787e+000	1.890964e+000
6.119704705168067e-003	6.831934e+000	1.308421e+000	1.885141e+000
6.119766965578541e-003	6.834790e+000	1.267855e+000	1.878425e+000
6.119845027463189e-003	6.838370e+000	1.213513e+000	1.869326e+000
6.120066531843965e-003	6.848518e+000	1.050087e+000	1.842101e+000
6.120454440662716e-003	6.866258e+000	7.523935e-001	1.792492e+000
6.120745963428986e-003	6.879563e+000	5.250965e-001	1.754574e+000
6.121047974074726e-003	6.893322e+000	2.882730e-001	1.715045e+000
6.121562451100370e-003	6.916704e+000	-1.148249e-001	1.647699e+000
6.122108508547850e-003	6.941442e+000	-5.385754e-001	1.576882e+000
6.122918301051987e-003	6.977978e+000	-1.156563e+000	1.473602e+000
6.123770399520718e-003	7.016228e+000	-1.788275e+000	1.367504e+000
6.125474596458179e-003	7.092122e+000	-2.997956e+000	1.163919e+000
6.127331588538326e-003	7.173895e+000	-4.213833e+000	9.562696e-001
6.131045572698619e-003	7.334500e+000	-6.331066e+000	5.912751e-001
6.134791983739646e-003	7.492461e+000	-8.163833e+000	3.053416e-001
6.135203141214832e-003	7.509545e+000	-8.318110e+000	2.801944e-001
6.135751351181747e-003	7.532247e+000	-8.498044e+000	2.489815e-001
6.136785747133606e-003	7.574837e+000	-8.791400e+000	1.990135e-001
6.137171953888419e-003	7.590657e+000	-8.862539e+000	1.874664e-001
6.137575843264550e-003	7.607154e+000	-8.888599e+000	1.845998e-001
6.137875612803817e-003	7.619366e+000	-8.891139e+000	1.850688e-001
6.139238237117125e-003	7.674535e+000	-8.890817e+000	1.849655e-001
6.146502187753105e-003	7.959047e+000	-8.890970e+000	1.849472e-001
6.165372365261618e-003	8.619307e+000	-8.891008e+000	1.849386e-001
6.185880177761617e-003	9.199369e+000	-8.891016e+000	1.849394e-001
6.206387990261616e-003	9.626903e+000	-8.891020e+000	1.849374e-001
6.226895802761615e-003	9.894816e+000	-8.891022e+000	1.849380e-001
6.247403615261614e-003	9.998670e+000	-8.891023e+000	1.849373e-001
6.267911427761613e-003	9.936740e+000	-8.891024e+000	1.849373e-001
6.288419240261612e-003	9.710053e+000	-8.891024e+000	1.849374e-001
6.308927052761611e-003	9.322371e+000	-8.891024e+000	1.849370e-001
6.329434865261610e-003	8.780118e+000	-8.891024e+000	1.849377e-001
6.349942677761609e-003	8.092286e+000	-8.891024e+000	1.849369e-001
6.370450490261608e-003	7.270281e+000	-8.891024e+000	1.849379e-001
6.390958302761607e-003	6.327731e+000	-8.891023e+000	1.849369e-001
6.411466115261606e-003	5.280263e+000	-8.891022e+000	1.849381e-001
6.431973927761605e-003	4.145247e+000	-8.891022e+000	1.849370e-001
6.452481740261604e-003	2.941500e+000	-8.891021e+000	1.849384e-001
6.472989552761603e-003	1.688981e+000	-8.891020e+000	1.849373e-001
6.475355703451311e-003	1.542156e+000	-8.891102e+000	1.849248e-001
6.477721854141018e-003	1.395081e+000	-8.891146e+000	1.849182e-001
6.480088004830725e-003	1.247756e+000	-8.891152e+000	1.849175e-001
6.482454155520433e-003	1.100181e+000	-8.891119e+000	1.849226e-001
6.484820306210140e-003	9.523566e-001	-8.891047e+000	1.849337e-001
6.487186456899848e-003	8.042821e-001	-8.890937e+000	1.849506e-001
6.489552607589555e-003	6.559577e-001	-8.890789e+000	1.849734e-001
6.489754566345846e-003	6.432950e-001	-8.890761e+000	1.849794e-001
6.489956525102137e-003	6.306313e-001	-8.890696e+000	1.849902e-001
6.490158483858428e-003	6.179667e-001	-8.890593e+000	1.850059e-001
6.490360442614718e-003	6.053010e-001	-8.890452e+000	1.850264e-001
6.490562401371009e-003	5.926344e-001	-8.890273e+000	1.850519e-001
6.490764360127300e-003	5.799668e-001	-8.890056e+000	1.850821e-001
6.490966318883591e-003	5.672982e-001	-8.889802e+000	1.851173e-001
6.491148726543378e-003	5.558553e-001	-8.888719e+000	1.853117e-001
6.491337848741097e-003	5.439904e-001	-8.887424e+000	1.855266e-001
6.492120007985623e-003	4.949122e-001	-8.881829e+000	1.863063e-001
6.493013904265081e-003	4.388084e-001	-8.869235e+000	1.881435e-001
6.493662821704448e-003	3.980714e-001	-8.851331e+000	1.908047e-001
6.494291956001760e-003	3.585701e-001	-8.815264e+000	1.961021e-001
6.494885333783700e-003	3.213086e-001	-8.749804e+000	2.064576e-001
6.495443067067581e-003	2.862814e-001	-8.649146e+000	2.235787e-001
6.495913397035541e-003	2.567406e-001	-8.532733e+000	2.436694e-001
6.496336148177301e-003	2.301863e-001	-8.407405e+000	2.648794e-001
6.496763357285424e-003	2.033502e-001	-8.267013e+000	2.883210e-001
6.497268548725149e-003	1.716137e-001	-8.088202e+000	3.180059e-001
6.497881755112973e-003	1.330893e-001	-7.854530e+000	3.565186e-001
6.498870660342516e-003	7.095791e-002	-7.439845e+000	4.237774e-001
6.500848470801604e-003	-5.331074e-002	-6.495172e+000	5.752773e-001
6.504447447679479e-003	-2.794050e-001	-4.519119e+000	9.003457e-001
6.507891443305667e-003	-4.956309e-001	-2.378160e+000	1.262306e+000
6.510440633590682e-003	-6.555340e-001	-6.423076e-001	1.557528e+000
6.511517565113000e-003	-7.230385e-001	1.287806e-001	1.687704e+000
6.512139230867343e-003	-7.619910e-001	5.808921e-001	1.763646e+000
6.512966253817012e-003	-8.137928e-001	1.171041e+000	1.863104e+000
6.513233780148794e-003	-8.305451e-001	1.338315e+000	1.891528e+000
6.513358455805256e-003	-8.383514e-001	1.390325e+000	1.899200e+000
6.513399794098252e-003	-8.409396e-001	1.396847e+000	1.899586e+000
6.513487087723050e-003	-8.464049e-001	1.397939e+000	1.899685e+000
6.513717447639989e-003	-8.608260e-001	1.397502e+000	1.899698e+000
6.513947807556928e-003	-8.752453e-001	1.397521e+000	1.899718e+000
6.514178167473867e-003	-8.896627e-001	1.397997e+000	1.899744e+000
6.514408527390807e-003	-9.040783e-001	1.398929e+000	1.899776e+000
6.514638887307745e-003	-9.184919e-001	1.400318e+000	1.899813e+000
6.514869247224685e-003	-9.329037e-001	1.402164e+000	1.899857e+000
6.515099607141623e-003	-9.473137e-001	1.404465e+000	1.899907e+000
6.515676997781315e-003	-9.834228e-001	1.472282e+000	1.903719e+000
6.515876577482307e-003	-9.959011e-001	1.564250e+000	1.927129e+000
6.516053915451460e-003	-1.006988e+000	1.691781e+000	1.948226e+000
6.516199598702651e-003	-1.016094e+000	1.802093e+000	1.966396e+000
6.516357044706325e-003	-1.025935e+000	1.926277e+000	1.987825e+000
6.516671243391456e-003	-1.045571e+000	2.177409e+000	2.028748e+000
6.516974558919041e-003	-1.064522e+000	2.424339e+000	2.070708e+000
6.517398548811848e-003	-1.091007e+000	2.775826e+000	2.128470e+000
6.517935095891236e-003	-1.124512e+000	3.228255e+000	2.204426e+000
6.518612138262384e-003	-1.166771e+000	3.809988e+000	2.300607e+000
6.519547766912396e-003	-1.225137e+000	4.631151e+000	2.437551e+000
6.520868312244322e-003	-1.307441e+000	5.821098e+000	2.634479e+000
6.522849295844843e-003	-1.430737e+000	7.645027e+000	2.940626e+000
6.522956193156204e-003	-1.437384e+000	7.745053e+000	2.957245e+000
6.523169987778923e-003	-1.450676e+000	7.946213e+000	2.990948e+000
6.523440754322115e-003	-1.467507e+000	8.194477e+000	3.032966e+000
6.523621920710711e-003	-1.478766e+000	8.348013e+000	3.058506e+000
6.523767086326526e-003	-1.487786e+000	8.453449e+000	3.076465e+000
6.523855166109541e-003	-1.493258e+000	8.495881e+000	3.084054e+000
6.523967980473907e-003	-1.500267e+000	8.518228e+000	3.087035e+000
6.524060382320268e-003	-1.506007e+000	8.522439e+000	3.087110e+000
6.524288028639612e-003	-1.520145e+000	8.522850e+000	3.087155e+000
6.524414137975053e-003	-1.527977e+000	8.523417e+000	3.087236e+000
6.524534592013206e-003	-1.535456e+000	8.528590e+000	3.088120e+000
6.524626925800148e-003	-1.541188e+000	8.532395e+000	3.088773e+000
6.524719259587091e-003	-1.546920e+000	8.535391e+000	3.089285e+000
6.524811593374032e-003	-1.552651e+000	8.537579e+000	3.089658e+000
6.524903927160975e-003	-1.558382e+000	8.538957e+000	3.089890e+000
6.524996260947917e-003	-1.564113e+000	8.539527e+000	3.089982e+000
6.525088594734860e-003	-1.569842e+000	8.539288e+000	3.089934e+000
6.525180928521801e-003	-1.575572e+000	8.538239e+000	3.089745e+000
6.534069115078410e-003	-2.128356e+000	8.538249e+000	3.089746e+000
6.542957301635018e-003	-2.670401e+000	8.538257e+000	3.089747e+000
6.551845488191626e-003	-3.201706e+000	8.538262e+000	3.089748e+000
6.560733674748233e-003	-3.722272e+000	8.538265e+000	3.089748e+000
6.569621861304841e-003	-4.232098e+000	8.538266e+000	3.089748e+000
6.578510047861449e-003	-4.731185e+000	8.538264e+000	3.089747e+000
6.587398234418057e-003	-5.219532e+000	8.538260e+000	3.089747e+000
6.607906046918056e-003	-6.272317e+000	8.538260e+000	3.089747e+000
6.628413859418056e-003	-7.221103e+000	8.538260e+000	3.089747e+000
6.648921671918055e-003	-8.050160e+000	8.538260e+000	3.089747e+000
6.669429484418054e-003	-8.745741e+000	8.538260e+000	3.089747e+000
6.689937296918053e-003	-9.296314e+000	8.538260e+000	3.089747e+000
6.710445109418052e-003	-9.692749e+000	8.538260e+000	3.089747e+000
6.730952921918051e-003	-9.928473e+000	8.538260e+000	3.089747e+000
6.751460734418050e-003	-9.999578e+000	8.538260e+000	3.089747e+000
6.771968546918049e-003	-9.904886e+000	8.538260e+000	3.089747e+000
6.792476359418048e-003	-9.645966e+000	8.538260e+000	3.089747e+000
6.812984171918047e-003	-9.227111e+000	8.538260e+000	3.089747e+000
6.833491984418046e-003	-8.655266e+000	8.538260e+000	3.089747e+000
6.853999796918045e-003	-7.939912e+000	8.538260e+000	3.089747e+000
6.874507609418044e-003	-7.092910e+000	8.538260e+000	3.089747e+000
6.895015421918043e-003	-6.128305e+000	8.538260e+000	3.089747e+000
6.915523234418042e-003	-5.062089e+000	8.538260e+000	3.089747e+000
6.936031046918041e-003	-3.911942e+000	8.538260e+000	3.089747e+000
6.956538859418040e-003	-2.696932e+000	8.538260e+000	3.089747e+000
6.977046671918039e-003	-1.437206e+000	8.538260e+000	3.089747e+000
6.997554484418038e-003	-1.536502e-001	8.538260e+000	3.089747e+000
7.000000000000000e-003	-1.714505e-014	8.538260e+000	3.089747e+000
